Genes	p_val	avg_log2FC	pct.1	pct.2	p_val_adj
SRGN	7.1730516008603e-33	-0.825231306644532	0.44	0.879	2.00120966612402e-28
CFD	3.75141725724178e-28	-1.06339944074155	0.112	0.633	1.04660790059788e-23
GAPDH	4.49851150442757e-26	-0.611072627312218	0.507	0.846	1.25503972462025e-21
ANXA1	3.64908704755848e-20	-0.754963748177604	0.231	0.703	1.01805879539834e-15
AIF1	4.02704858166543e-19	-0.728707933233018	0.216	0.703	1.12350628379884e-14
ENO1	6.89049614055378e-19	-0.637371608901339	0.351	0.748	1.9223795182531e-14
CSTA	5.8032330077507e-18	-0.762160906497294	0.03	0.424	1.61904397683237e-13
VIM	1.21004795990406e-17	-0.46676759107188	0.634	0.898	3.37591280333632e-13
VAMP8	2.78849243728149e-16	-0.631119786795707	0.269	0.676	7.77961505077164e-12
MGST1	2.82730335601554e-16	-0.687270646635916	0.007	0.363	7.88789363294775e-12
LYZ	3.59093190449182e-16	-0.960868745265378	0.157	0.538	1.00183409203417e-11
CST3	3.72757509033996e-16	-0.653677435842133	0.254	0.678	1.03995617445395e-11
SERPINB1	5.20259517521285e-16	-0.717371981790224	0.142	0.541	1.45147202793263e-11
TYROBP	8.10124163175312e-15	-0.515658071343207	0.448	0.806	2.2601654028428e-10
LRRC75A-AS1	1.22994738940457e-14	-0.48580535098456	0.5	0.777	3.4314302216998e-10
HCST	1.61317366746209e-14	-0.626986179204754	0.104	0.478	4.50059321485248e-10
APLP2	2.25673393443845e-14	-0.624952378278923	0.194	0.568	6.29606200368983e-10
GPX1	3.88407086714037e-14	-0.462632079057754	0.545	0.855	1.08361693122349e-09
RNASE2	4.09065867550696e-13	-0.620674560634159	0.022	0.333	1.14125286387969e-08
TKT	4.49678607715215e-13	-0.583070426274743	0.246	0.621	1.25455834766468e-08
CANX	5.37160331713101e-13	-0.566886727284021	0.231	0.605	1.49862360944638e-08
CD302	1.89997527837226e-12	-0.555523269108349	0.09	0.428	5.30074102913077e-08
NCOA4	2.16698076907744e-12	-0.569118530309531	0.097	0.44	6.04565964764915e-08
CREG1	2.39987098704423e-12	-0.542478117562625	0.045	0.352	6.69540006675469e-08
NUCB2	9.16067789944173e-12	-0.58203818784312	0.097	0.419	2.55573752716525e-07
TSPO	2.20826579240106e-11	-0.53171197249956	0.179	0.533	6.16084073421971e-07
DUT	2.50168304158897e-11	-0.562987419995661	0.142	0.467	6.97944551772906e-07
TUBA1B	2.58343095008484e-11	-0.573193495251703	0.172	0.478	7.20751400764171e-07
CPVL	3.01522997525173e-11	-0.578610944969752	0.045	0.329	8.41219010795481e-07
JAML	3.555831339517e-11	-0.570793307163849	0.134	0.443	9.92041385411847e-07
SPINK2	5.45267612895612e-11	-0.561535782504684	0.209	0.534	1.52124211321747e-06
LDHB	5.71884625379021e-11	-0.52203274390295	0.119	0.438	1.59550091634493e-06
CLEC12A	6.82004482660235e-11	-0.508975423941254	0.045	0.328	1.90272430617379e-06
S100A6	8.02651536283904e-11	-0.507196060893864	0.336	0.68	2.23931752107846e-06
ALDOA	9.18972685379704e-11	-0.510266919002096	0.231	0.592	2.56384189494083e-06
CALR	1.52818661022634e-10	-0.512036012437153	0.246	0.569	4.26348782387046e-06
XBP1	2.3594899833742e-10	-0.500332215522589	0.097	0.387	6.58274110461567e-06
PSMA6	2.39441198251386e-10	-0.499454629930117	0.194	0.522	6.68016999001542e-06
TXN	2.47594057741335e-10	-0.498409148709099	0.187	0.513	6.90762661692552e-06
TNFSF13B	3.05008785600585e-10	-0.474974904434919	0.03	0.289	8.50944010947072e-06
CTSG	3.11477492958439e-10	-0.541173186208546	0.03	0.283	8.68991057604749e-06
RTN3	3.29814824072967e-10	-0.476191288857659	0.097	0.396	9.20150377681171e-06
CD99	3.46188657319782e-10	-0.506166268496475	0.231	0.56	9.65831735056461e-06
FGL2	4.85566796840856e-10	-0.587519855470448	0.052	0.312	1.3546828065063e-05
HSP90B1	4.9120386812461e-10	-0.486523543512158	0.261	0.58	1.37040967168085e-05
GLIPR1	5.11232708011877e-10	-0.50326718730804	0.164	0.472	1.42628813208234e-05
HSPD1	7.02826463379417e-10	-0.498227713004661	0.194	0.505	1.96081555018224e-05
SELENOP	7.62128943657364e-10	-0.480059134241368	0.015	0.252	2.12626353990968e-05
TALDO1	7.83747308484776e-10	-0.481203592000778	0.134	0.438	2.18657661594168e-05
PKM	1.38356418882675e-09	-0.456133865657898	0.127	0.424	3.86000573040775e-05
MLEC	2.06199343047148e-09	-0.459660845155781	0.082	0.357	5.75275547167237e-05
DUSP6	3.10882505091806e-09	-0.472135334748075	0.231	0.545	8.67331100955628e-05
EMB	3.20460559499178e-09	-0.414468209502695	0.433	0.721	8.94052914946758e-05
HSP90AB1	4.03563131183917e-09	-0.420629354386143	0.463	0.762	0.000112590077969001
TIMP1	7.25005582100975e-09	-0.435885339581247	0.104	0.378	0.000202269307350351
PPA1	8.7818569956953e-09	-0.419966466252867	0.052	0.289	0.000245005028322903
GRN	1.0021439723843e-08	-0.442348737613707	0.149	0.441	0.000279588146855495
H2AFZ	1.03867844338888e-08	-0.479968139982442	0.134	0.4	0.000289780898921064
S100A4	1.16671982261364e-08	-0.383745789399034	0.493	0.763	0.00032550316331098
CD63	1.16822438068133e-08	-0.432331195378117	0.187	0.487	0.000325922919966284
CDK6	1.34997155372154e-08	-0.469947042595655	0.201	0.491	0.000376628563772773
SYNCRIP	1.75393516738566e-08	-0.418312659714527	0.082	0.337	0.000489330372348925
RUNX1	1.76903365590406e-08	-0.408806436401314	0.052	0.289	0.000493542699660675
STMN1	1.929959564782e-08	-0.475764511847115	0.112	0.371	0.000538439418978531
PRSS57	2.07218945477701e-08	-0.425761312250053	0.045	0.27	0.000578120135988237
COX8A	2.48491637558189e-08	-0.425068333770356	0.172	0.468	0.000693266819623591
NPC2	3.30730360030081e-08	-0.406215219469167	0.119	0.382	0.000922704631447923
CAP1	3.54264156770956e-08	-0.409532176876414	0.388	0.709	0.00098836157097529
ARF1	3.64907545541914e-08	-0.416537527612651	0.149	0.421	0.00101805556130739
ACTG1	4.45565823196127e-08	-0.331942512365367	0.634	0.88	0.00124308409013488
ABRACL	4.48452143289048e-08	-0.392806443309147	0.09	0.34	0.00125113663456211
SPN	4.50692233746841e-08	-0.4239157083184	0.187	0.482	0.00125738626293031
HLA-A	4.92149823608547e-08	-0.333480951336354	0.575	0.821	0.00137304879288548
DBI	4.94498100886474e-08	-0.418199152265468	0.284	0.577	0.00137960025166317
MYDGF	5.39751899942951e-08	-0.37053326025012	0.045	0.264	0.00150585382565084
MNDA	5.56471073889266e-08	-0.500449670923032	0.09	0.317	0.00155249864904366
CTSD	6.71486717571932e-08	-0.408404209263961	0.119	0.367	0.00187338079335393
LDHA	8.37453829534971e-08	-0.395644878326531	0.187	0.477	0.00233641243901962
LGALS1	8.40886168669464e-08	-0.394550842933254	0.418	0.693	0.00234598832197094
TNFSF13	8.66881510306183e-08	-0.385586729750341	0.052	0.267	0.00241851272560322
EIF4A1	1.11714260183995e-07	-0.397418084484812	0.336	0.616	0.00311671614487327
RPL29	1.149787484394e-07	-0.295675561698366	0.642	0.856	0.00320779210271082
PSAP	1.21031511707493e-07	-0.415604455219845	0.313	0.583	0.00337665814512735
GNAQ	1.61034468254778e-07	-0.376217756943554	0.067	0.29	0.00449270062984004
TARP	1.69816780814186e-07	-0.388483547212278	0.119	0.364	0.00473771836793497
HNRNPF	1.82107501654246e-07	-0.381479138396943	0.119	0.363	0.0050806171886518
HSP90AA1	1.95284533477674e-07	-0.374979862724622	0.44	0.709	0.00544824319949363
LST1	1.97174628085293e-07	-0.39837476440119	0.269	0.566	0.00550097494895158
P4HB	2.02065137658591e-07	-0.357249384639885	0.067	0.288	0.00563741527553703
TPI1	2.06260920851706e-07	-0.404194810014119	0.254	0.548	0.00575447343084175
ERH	2.11000562841874e-07	-0.374430636425371	0.097	0.329	0.00588670470272544
NDUFS5	2.47893737192703e-07	-0.370369630577762	0.112	0.356	0.00691598737393921
SEC11A	2.60144048570704e-07	-0.368435854363355	0.097	0.332	0.00725775881107406
SNRPD1	2.62205238666131e-07	-0.355066949158488	0.075	0.295	0.00731526395354639
HADHA	2.93530410091826e-07	-0.391425603875393	0.246	0.539	0.00818920491115185
FKBP5	3.2027175935253e-07	-0.363058062015654	0.097	0.333	0.00893526181417623
HACD4	3.51279854749191e-07	-0.362411930520572	0.075	0.291	0.00980035666764768
RFLNB	3.82564313334564e-07	-0.353343691218721	0.06	0.269	0.010673161777721
FCER1G	4.17154783064632e-07	-0.410650735071264	0.112	0.335	0.0116382012927202
CHP1	4.43034191134623e-07	-0.368627216133854	0.06	0.26	0.0123602108984649
PIK3R1	4.80777704395405e-07	-0.368589884309119	0.075	0.288	0.0134132171749274
PGD	4.98187686943051e-07	-0.34892570284792	0.082	0.297	0.0138989382780242
CTSC	5.26958384419896e-07	-0.370662484623078	0.149	0.402	0.0147016119669307
APEX1	5.30603570744657e-07	-0.385386261440475	0.201	0.477	0.0148033090202052
COMT	5.62014438768953e-07	-0.347948136149833	0.075	0.287	0.015679640827215
NDUFB9	5.89353901045885e-07	-0.354912381975671	0.104	0.335	0.0164423844852791
GSTO1	5.9104608866648e-07	-0.356164237656893	0.134	0.384	0.0164895948277061
PDIA3	6.06003216381619e-07	-0.377001503871757	0.284	0.562	0.0169068837338308
H2AFY	6.33287329277285e-07	-0.379386027087539	0.328	0.633	0.017668083199507
AK2	6.54981842682173e-07	-0.339925493836416	0.06	0.26	0.0182733384289899
ZFP36L2	6.65629578569721e-07	-0.372189012069911	0.381	0.668	0.0185703996125166
C1QBP	6.66135015499292e-07	-0.341449004253152	0.134	0.378	0.0185845007974147
ANXA2	7.3769895499817e-07	-0.372136442572428	0.082	0.296	0.020581063145494
OSTC	8.02423109115775e-07	-0.355086350317561	0.157	0.407	0.022386802321221
HMGB2	8.71882498710246e-07	-0.40524105270661	0.224	0.47	0.0243246498315172
ERP29	8.7622016778997e-07	-0.365965914628703	0.187	0.451	0.0244456664611724
GSTK1	8.88040725338948e-07	-0.351660762409908	0.149	0.395	0.0247754481962313
CLTA	9.27393241529086e-07	-0.336132040302532	0.104	0.328	0.02587334404542
FYB1	9.88302922542031e-07	-0.350926947062054	0.082	0.291	0.0275726632360001
PSMA1	1.30528010173004e-06	-0.33841996167718	0.119	0.347	0.0364160095581664
RPS14P3	1.34248602016324e-06	-0.307102666476294	0.56	0.799	0.0374540174765341
SH3BGRL	1.39108780158125e-06	-0.37182450236438	0.216	0.472	0.0388099585763152
PRDX3	1.51669637083857e-06	-0.322434012267325	0.06	0.252	0.0423143120500251
CLINT1	1.5385380202001e-06	-0.332721781767452	0.09	0.299	0.0429236722255627
HDLBP	1.72237311571759e-06	-0.298245821617588	0.06	0.255	0.048052487555405
