Genes	p_val	avg_log2FC	pct.1	pct.2	p_val_adj
SLPI	4.18215680261203e-34	0.599877279739048	0.333	0.006	1.16677992636073e-29
LOC100131655	2.42237565263648e-28	0.471400010290507	0.333	0.007	6.75818583329053e-24
DPH3P1	1.36394516138049e-23	0.415848697655705	0.333	0.009	3.80527060573544e-19
PRKCA	7.84859567021457e-20	0.701308782112834	0.444	0.019	2.18967970603316e-15
TMEM254	1.76922496146909e-15	0.658271144407138	0.444	0.025	4.93596072000263e-11
SEPT8	2.37019741042957e-15	0.609460924664922	0.333	0.014	6.61261375535746e-11
S100A8	8.01075315415322e-13	1.73230708719275	1	0.185	2.23492002247721e-08
TK1	2.44733563351895e-12	1.03641013258937	0.778	0.099	6.82782168395452e-08
AK4	2.75192635190628e-12	0.409186096780884	0.333	0.018	7.67759932918332e-08
ELANE	3.64917127162671e-11	0.902571080251119	0.778	0.094	1.01808229307114e-06
S100A9	1.59618562221658e-10	1.69634451061875	1	0.23	4.45319826742205e-06
MKI67	3.08967370098267e-10	1.0895011094407	0.778	0.116	8.61988065837155e-06
UEVLD	7.11236076643571e-10	0.535014740474333	0.333	0.023	1.9842775302279e-05
EBP	5.21883004697334e-09	0.816789874983609	0.667	0.095	0.000145600139480509
DHFR2	1.54139480266106e-08	0.449769879248698	0.333	0.026	0.000430033735994409
CXCR4	1.62161771740583e-08	0.996703026807988	1	0.222	0.000452415126979052
POLD3	2.79244292281707e-08	0.740242395305842	0.667	0.1	0.000779063651036734
HIST1H1B	2.81990235210745e-08	1.06258131325531	0.778	0.14	0.000786724557214456
SNAPIN	4.51349147292635e-08	0.757823198843574	0.667	0.104	0.00125921898603172
FCGR1A	4.89002883623497e-08	0.415369588960878	0.333	0.028	0.00136426914502119
GCNT1	7.74740189094662e-08	0.731505952243377	0.444	0.053	0.0021614476535552
UHRF1	1.00283168134631e-07	0.824155670614243	0.556	0.083	0.00279780010778807
FAM111B	1.27099190597516e-07	0.730075264188806	0.444	0.054	0.0035459403184801
NUP93	1.41624980730761e-07	0.594311570861654	0.444	0.052	0.00395119533740749
COPS6	1.46990520564024e-07	0.820097165421284	0.778	0.15	0.00410088853321571
PDE3B	1.6197626274884e-07	0.617332368179122	0.556	0.076	0.00451897575442988
CNOT3	1.78028785827239e-07	0.344956241446082	0.333	0.029	0.00496682509579413
PXMP4	2.83752148779298e-07	0.447664044117147	0.444	0.051	0.00791640119879364
LYZ	3.1089048149894e-07	1.43402917721948	1	0.523	0.00867353354333892
ANXA2P2	4.38111805896357e-07	0.631151455880136	0.556	0.081	0.0122228812727025
GEMIN5	7.07311678476822e-07	0.340728056427007	0.333	0.032	0.0197332885178249
PCLAF	9.86352203586562e-07	1.02909228871466	0.889	0.227	0.0275182401278615
OIP5	1.21130265628252e-06	0.518564803993142	0.333	0.035	0.033794132807626
SMC2	1.78471380568463e-06	0.81265266599063	0.667	0.139	0.0497917304647954
CDC7	1.91334255718625e-06	0.381229913480759	0.333	0.035	0.0533803440029392
FBXO5	2.61287633894809e-06	0.552070190195711	0.444	0.063	0.0728966369803128
SLC31A2	4.43285480958876e-06	0.521008237440327	0.444	0.062	0.123672216332717
CDK1	4.81094019031041e-06	0.574391000503253	0.444	0.065	0.13422042036947
CENPM	8.50497937714169e-06	0.470448192591882	0.444	0.066	0.237280419642876
TTK	8.73581803504909e-06	0.477398973086999	0.333	0.041	0.243720587359834
H2AFZ	8.79403790231244e-06	0.911506186347892	1	0.389	0.245344863436615
RRM2	9.67025659283471e-06	0.749423784202948	0.444	0.074	0.269790488683496
HJURP	1.02212925360033e-05	0.333894983115851	0.333	0.039	0.285163840461956
AURKA	1.31945992557992e-05	0.525281628449956	0.333	0.042	0.368116124637541
RNF6	1.56881668131342e-05	0.548719515755567	0.444	0.07	0.43768416591963
HCFC2	1.71775909107624e-05	0.553985850076869	0.333	0.043	0.479237608819361
BRIP1	1.72766288011135e-05	0.410147318297541	0.333	0.042	0.482000666922264
FBXO4	1.82434780849239e-05	0.466330612711835	0.333	0.043	0.508974795091292
BOLA3	1.86317735110594e-05	0.491682629378772	0.444	0.07	0.519807849185045
EPG5	1.8781870702408e-05	0.433438452587866	0.333	0.042	0.523995410726482
ENDOD1	2.12475164882407e-05	0.469050721201832	0.333	0.043	0.592784462505426
PDK4	2.26395898102187e-05	0.488580440063032	0.444	0.068	0.631621916115293
DNAJC14	2.47457524947902e-05	0.531430623133586	0.333	0.044	0.690381748852151
NUP210	2.58593939082491e-05	0.652527360542053	0.556	0.114	0.721451230646242
MTX2	2.94124294834306e-05	0.320067662488863	0.333	0.042	0.82057737015823
KIF22	3.12945190317324e-05	0.727759497441866	0.556	0.116	0.873085786466302
EXT2	3.28943303535739e-05	0.385403803872759	0.333	0.044	0.917718922534358
TUBA1B	3.49839917000703e-05	0.849861894451539	1	0.466	0.97601838444026
SLC1A4	3.77088598043256e-05	0.410238163399681	0.333	0.044	1
LDLRAP1	3.9740826994411e-05	0.459818689085036	0.333	0.045	1
TMEM106C	4.10185656446982e-05	0.460730283308383	0.444	0.074	1
TAF6	4.11116112770579e-05	0.311212270256336	0.333	0.043	1
CLEC11A	4.17187684798821e-05	0.733705395257909	0.778	0.208	1
AZU1	4.27975831658557e-05	0.850256657290918	0.667	0.166	1
TPD52L2	4.50866963815695e-05	0.543367588098416	0.444	0.077	1
RASSF4	5.49101753573915e-05	0.625326290075172	0.444	0.08	1
CSTA	5.8212949730401e-05	0.814240434479938	0.889	0.409	1
HMGB2	5.9790686812605e-05	0.856430885139331	1	0.46	1
MT2A	6.15323215135134e-05	0.511890781818226	0.444	0.078	1
CENPK	6.5812335123435e-05	0.593902147719785	0.444	0.08	1
LILRA2	6.91556879530687e-05	0.538225619403741	0.444	0.079	1
DHFR	7.29188789541596e-05	0.719793451648596	0.667	0.165	1
MRPL41	7.44320490212823e-05	0.661364307517514	0.556	0.126	1
BLVRB	7.55524004613066e-05	0.687261731176571	0.556	0.125	1
POLR3K	7.60763053001632e-05	0.602380465334671	0.444	0.084	1
INIP	9.30181540252887e-05	0.585265767660515	0.444	0.083	1
NRROS	9.31339187862894e-05	0.402478432478445	0.333	0.048	1
AHCY	9.59169742802476e-05	0.605839190361877	0.667	0.162	1
MTF1	9.8347541776499e-05	0.420937854652164	0.333	0.048	1
SGTA	0.000103875907399853	0.439348223189978	0.333	0.049	1
NASP	0.000105051856941486	0.80099479502558	0.889	0.326	1
SRGN	0.000109136877386658	0.497501357032588	1	0.863	1
TYMS	0.00011927312422143	0.536485628410688	0.444	0.086	1
NDUFA7	0.000122852886316355	0.673517326870158	0.667	0.176	1
GGH	0.000150718561816151	0.496552772140217	0.444	0.086	1
MXD3	0.000160616921471938	0.536269994448699	0.444	0.086	1
BRI3BP	0.000161223610821836	0.422166282074643	0.333	0.051	1
TMEM107	0.000174752110278863	0.549946657983557	0.444	0.09	1
STMN1	0.000190701147366456	0.845033440603726	0.889	0.36	1
MBOAT2	0.000196976787257637	0.396923241527477	0.333	0.052	1
ATAD2	0.000211704807598829	0.60020758348826	0.556	0.133	1
RPL39L	0.000215765563851405	0.700779176241378	0.444	0.1	1
HIST1H1D	0.000219976730547704	0.786632335127202	0.889	0.307	1
PIN1	0.000220388960784085	0.573979074188835	0.556	0.13	1
R3HCC1	0.000224272393010405	0.450150406926796	0.333	0.054	1
HELLS	0.000229637441840451	0.530853375614676	0.444	0.09	1
TET3	0.000231950388526967	0.464094286158422	0.333	0.053	1
C19orf48	0.000232992103166675	0.451011035685708	0.444	0.087	1
ASCC2	0.000240354513261782	0.547105083356303	0.333	0.056	1
PHGDH	0.000240354513261782	0.522580031606828	0.333	0.056	1
PSMB2	0.000244336655092789	0.707954763239493	0.667	0.201	1
FUT4	0.000246196719093879	0.446986111091274	0.333	0.054	1
CDC6	0.000253483083545668	0.341571310432583	0.333	0.053	1
LSM8	0.000268268512448048	0.574037236052926	0.556	0.132	1
PTTG1	0.000268475825123424	0.686023020269074	0.444	0.096	1
NR2C2AP	0.000271967023009301	0.296374743648151	0.333	0.052	1
PPIA	0.000274337059560847	0.438774453385385	1	0.826	1
SPPL2A	0.000289236491947375	0.41510188057061	0.444	0.086	1
CPSF2	0.000303957238853974	0.578698244156885	0.556	0.133	1
BLOC1S1	0.000330499451354333	0.638915925891099	0.667	0.188	1
CEP250	0.000364936450659828	0.437583866327365	0.333	0.056	1
FUT7	0.000377379806460126	0.463137368111523	0.333	0.057	1
HIST1H4C	0.000380440819148289	0.836735435599107	0.889	0.488	1
CDCA5	0.000383678021561372	0.304857683025248	0.333	0.054	1
UGGT2	0.000392993057172816	0.418581547242866	0.333	0.056	1
HIST1H2AJ	0.000396180625734525	0.487803261988225	0.333	0.058	1
HIST1H2AM	0.000398063960086921	0.698894090618183	0.556	0.153	1
NRM	0.000409824255590116	0.433100512684812	0.333	0.058	1
BST1	0.000419724547155102	0.578617567745894	0.333	0.06	1
EP400NL	0.000422788415807929	0.292620361569901	0.333	0.054	1
RHEB	0.000452171137209786	0.496593649224563	0.556	0.134	1
H2AFX	0.000465100475149497	0.538944119574687	0.444	0.097	1
LINC00987	0.000471456631300712	0.635792430958761	0.667	0.203	1
C1orf54	0.000478402020598511	0.547843909689034	0.444	0.1	1
QSER1	0.000500163075624783	0.449297503763945	0.444	0.094	1
SKA2	0.000500393905159947	0.585017066993407	0.444	0.103	1
KIF15	0.000547947591777837	0.365763990167331	0.333	0.058	1
UBE2C	0.000562183042625547	0.482472374042205	0.333	0.061	1
PRIM1	0.000573281389426836	0.715123695738804	0.556	0.168	1
SKA3	0.000585545045772082	0.486554966599175	0.333	0.062	1
YBX1	0.0006311859823024	0.373736479311882	1	0.838	1
PRKAG1	0.000645219601421824	0.290951263983293	0.333	0.057	1
MRM2	0.000662048716658784	0.488261619885978	0.444	0.099	1
CCNE2	0.00069551475901812	0.506529950473516	0.333	0.063	1
SESN3	0.000718576633725968	0.421995413322729	0.333	0.059	1
CDK2	0.000723937654863483	0.370338821186839	0.333	0.06	1
FANCI	0.00073868925395314	0.423356252931459	0.444	0.096	1
KNL1	0.000740586088414043	0.515421594696559	0.333	0.064	1
MCM3	0.000743648197305152	0.645743132070678	0.556	0.162	1
HSPB11	0.000749333637904741	0.643897311005274	0.556	0.156	1
SMU1	0.000762595995935623	0.594109845150393	0.667	0.201	1
VRK1	0.000765394534439699	0.590016069148454	0.444	0.108	1
GEN1	0.000773212705134084	0.451472828608936	0.333	0.062	1
SHCBP1	0.000789885450418462	0.367768904499601	0.333	0.061	1
TRIM59	0.000790719403310039	0.41081666747381	0.333	0.061	1
HMMR	0.000818130093153772	0.413200861120012	0.333	0.061	1
CENPF	0.000830937939779279	0.49954883850143	0.556	0.138	1
POLA1	0.000842666562707618	0.341175878299184	0.333	0.06	1
GMFB	0.000857256160498066	0.386395868831963	0.333	0.061	1
FKBP3	0.000890969710652871	0.646933980006903	0.778	0.274	1
SNORD50A	0.000896652038401208	0.466880069336949	0.333	0.063	1
TSNAX	0.000902557318092619	0.599926223900425	0.556	0.155	1
ANXA5	0.000922850360467501	0.735442676110162	0.667	0.239	1
ILVBL	0.000953970832765447	0.351814979918759	0.333	0.061	1
TOP2A	0.000961449315286975	0.637171515447149	0.556	0.149	1
MCM4	0.000973650633988667	0.724934640722717	0.556	0.171	1
SREK1IP1	0.000988518899108649	0.552228672271166	0.444	0.104	1
DNMT1	0.00100519388816709	0.694000273993751	0.667	0.237	1
TUBA1C	0.00101067836268135	0.507590302140537	0.667	0.189	1
NMNAT1	0.00101728085318791	0.328607845167909	0.333	0.06	1
MTCH1	0.00101984586578929	0.612279678083474	0.556	0.162	1
HMGN2	0.00103485525645401	0.662107801537641	1	0.567	1
LGALS3	0.00104414682245185	0.488557211825441	0.556	0.139	1
BUB1	0.00108769182758572	0.423720673923354	0.333	0.064	1
NUP85	0.00109201899975527	0.476421667029286	0.333	0.065	1
NEK9	0.00113270936145882	0.317083475341034	0.333	0.062	1
KRT10	0.00113922087124542	0.437195104650923	0.444	0.101	1
PLAC8	0.00114775276915624	0.652037859388192	1	0.551	1
ACAT1	0.00116796661070397	0.568110808625988	0.444	0.113	1
NUP50	0.001198574859974	0.557849215750138	0.556	0.157	1
HADH	0.00122221304413752	0.472492388521606	0.444	0.106	1
MAP4K1	0.00125449935272715	0.362338523360448	0.333	0.063	1
LYST	0.0012734368469269	0.711352155086687	0.778	0.35	1
TCEAL3	0.00129055536474578	0.460954248610047	0.333	0.067	1
GPALPP1	0.00129367131222374	0.499581498408738	0.444	0.108	1
POP4	0.00138838735357167	0.405871170013501	0.333	0.066	1
ARL6IP4	0.00140725453298745	0.665864389394063	0.889	0.392	1
AATF	0.00140918015811097	0.454284385492718	0.333	0.067	1
SLC8A1	0.00145090961812904	0.255522413580148	0.333	0.061	1
TMEM160	0.00147867270292113	0.55737393652441	0.556	0.16	1
TUBB	0.00148885370125127	0.781606086075009	0.778	0.384	1
EMC8	0.00150484091006964	0.381916657899933	0.333	0.065	1
CALM3	0.00155500069253915	0.669365241631452	0.556	0.182	1
ATG13	0.00155786470989465	0.320195851463369	0.333	0.064	1
CENPN	0.00157316677225819	0.43516266322109	0.333	0.069	1
SIVA1	0.00160029396969893	0.666436144734592	0.778	0.309	1
PTMA	0.00173803579129143	0.277556915960873	1	0.922	1
LOC100294145	0.00174640160506753	0.383011298199208	0.333	0.067	1
FAM105A	0.00182400519974159	0.41898433517321	0.333	0.068	1
CORO1C	0.00182513443312807	0.332484681122262	0.333	0.066	1
SNX17	0.00183030660841974	0.539179401593852	0.444	0.114	1
MTHFS	0.0018541293600665	0.382712607903415	0.333	0.067	1
PRTN3	0.00189751363072807	0.418913841940829	0.333	0.067	1
TIMELESS	0.00190809807806265	0.276040367744456	0.333	0.065	1
SRI	0.00192551634128891	0.585785637226836	0.667	0.228	1
AP3S1	0.00196827786214855	0.477857898286299	0.444	0.113	1
ATAD5	0.00197062940579013	0.487641487568729	0.444	0.114	1
ZNF83	0.00200065054168162	0.335507974596032	0.333	0.066	1
PSMB3	0.00200269756615594	0.591779152360052	0.778	0.28	1
MCM7	0.00204035141171694	0.5957101797686	0.556	0.175	1
SLC31A1	0.00209698925540233	0.266083495700977	0.333	0.065	1
GAK	0.00209765419284739	0.271488731239783	0.333	0.065	1
VCAN	0.00209974091138597	0.793940765306411	0.444	0.117	1
EIF4EBP2	0.00217170207345712	0.511098547902039	0.556	0.16	1
NUCKS1	0.0021931153468975	0.652758122609155	0.889	0.452	1
NDUFS6	0.00232160394417898	0.538880317886932	0.556	0.174	1
HLA-B	0.00232169064927129	-0.322389867293212	0.889	0.931	1
ALDH9A1	0.00233362169977029	0.412771212822213	0.444	0.11	1
MAD2L2	0.00240047755916339	0.38498152784815	0.333	0.07	1
S100A6	0.00245280466068324	0.544522928585208	1	0.667	1
AKR1B1	0.00246138504979539	0.470498305932931	0.444	0.116	1
ERGIC2	0.00250193270696185	0.320265390072958	0.333	0.069	1
NPAT	0.00254611146680757	0.357621415819893	0.333	0.07	1
SORT1	0.00256100221742239	0.558954882936703	0.333	0.075	1
POP7	0.00266451568228184	0.404932322471305	0.333	0.072	1
TMEM126B	0.00274218472564392	0.486201965217943	0.444	0.12	1
VDAC1	0.00275059698720783	0.523480081907183	0.667	0.227	1
NAIP	0.00277421032594806	0.494097822854945	0.556	0.161	1
RPL10L	0.0027833181585071	0.45372919213866	0.444	0.118	1
SCPEP1	0.00284378954312844	0.619296928693222	0.667	0.245	1
MYCBP	0.00285665399525799	0.487731069243857	0.444	0.12	1
ZNF106	0.0028992400833137	0.603217291247529	0.667	0.248	1
UQCC2	0.00290614598065884	0.49729967343437	0.444	0.124	1
SNX22	0.00300551193552853	0.400757421736944	0.333	0.074	1
ACTR1B	0.00310038207772609	0.479641849068234	0.333	0.076	1
NKIRAS2	0.00318650097853656	0.395463158619523	0.333	0.073	1
GINS2	0.00321125091686846	0.411411308735234	0.333	0.075	1
ATG12	0.00329476404510946	0.410118593116311	0.444	0.114	1
TMEM208	0.0034386469168328	0.419039483141791	0.333	0.075	1
C21orf58	0.00344637262778982	0.394598907796803	0.333	0.075	1
FXYD5	0.00349749723775448	0.56657246165643	0.889	0.351	1
FCGRT	0.00352486586769602	0.345229854418045	0.444	0.107	1
LIN7C	0.00357850313902749	0.49360482710473	0.333	0.077	1
ANXA2	0.00361042996432433	0.676615645500179	0.667	0.288	1
MSH3	0.00361445145040417	0.317586694457142	0.333	0.072	1
MNDA	0.00364285659144684	0.663377507484812	0.778	0.308	1
TPCN1	0.00369943556189701	0.310335132054029	0.333	0.072	1
PCNA	0.003766327855085	0.615075626371865	0.556	0.193	1
MAPK14	0.00380058242482313	0.517079569635231	0.444	0.125	1
GAPDH	0.00384265376853998	0.350548335677649	1	0.834	1
HACD2	0.00384662235835336	0.459589894487453	0.333	0.078	1
VDAC3	0.00386097189628531	0.502088517790301	0.556	0.176	1
CD52	0.00388959926651498	-0.621576288156036	0.667	0.803	1
UBA2	0.00392223249073776	0.549778338823167	0.444	0.133	1
GLA	0.00410596049450913	0.462387207124794	0.333	0.081	1
MASTL	0.00411756470251008	0.507490995687294	0.333	0.078	1
EAF2	0.00414238587529361	0.565802853114518	0.556	0.186	1
TOR3A	0.00414882014198473	0.325857700526312	0.333	0.074	1
MEF2D	0.00415603428248123	0.464575279121169	0.333	0.078	1
CAMKK2	0.00423701849111998	0.345699174928237	0.333	0.074	1
GMCL1	0.00435604662324004	0.438866256683363	0.333	0.078	1
RAN	0.00445175213156703	0.592639876984162	0.889	0.451	1
SYAP1	0.00445759279360331	0.42210749521394	0.444	0.119	1
HMGB1	0.00462343612997607	0.521045952287651	1	0.689	1
EPM2AIP1	0.00466111094246565	0.435173710504398	0.444	0.122	1
DPP8	0.00482222841223991	0.384717063094697	0.444	0.118	1
NDUFAB1	0.00486052189363236	0.590706271355371	0.556	0.203	1
TAF12	0.00486991544411955	0.357305220375239	0.333	0.077	1
CARHSP1	0.00497505459651964	0.498223523457419	0.333	0.084	1
ANO6	0.00505290486254669	0.350443346731519	0.333	0.076	1
NIFK	0.00517941100593336	0.460742655637167	0.556	0.176	1
CTSH	0.00518537504507913	0.524087599132101	0.667	0.216	1
USP16	0.00520672094274162	0.500177299676512	0.444	0.13	1
WDR75	0.00529869759108529	0.454965638853059	0.333	0.082	1
FEN1	0.00531636825166658	0.36520382860113	0.333	0.079	1
CKS2	0.00538795350763988	0.491299745851781	0.556	0.18	1
ANKRD19P	0.00568520433375615	0.406628027010258	0.444	0.125	1
RPAP2	0.00571870876005689	0.395256666377777	0.333	0.08	1
PAICS	0.00577037093528702	0.576834076818862	0.556	0.207	1
CERK	0.00587152409947542	0.340056898561389	0.333	0.078	1
UBE2Q1	0.0060776957830993	0.345679606260906	0.333	0.079	1
ARPC4	0.00617235010141925	0.535920676049491	0.667	0.252	1
PRDX2	0.00624863102299182	0.35817114703764	0.333	0.081	1
PSMA3	0.00625999348448623	0.540145425862677	0.667	0.26	1
HUWE1	0.00638069360390503	0.611445154467443	0.556	0.218	1
UQCRQ	0.00648441087295291	0.565779283178063	0.778	0.411	1
HOXA10	0.00653217502069214	0.559890801097756	0.444	0.14	1
DCUN1D5	0.00660203495815295	0.398501860511463	0.333	0.082	1
VMA21	0.00663273803043448	0.443648798582881	0.556	0.183	1
MPEG1	0.00675229819060892	0.327049335735226	0.444	0.118	1
FH	0.00679732182147943	0.386334145188076	0.333	0.082	1
RFFL	0.00703495214686963	0.322311204694475	0.333	0.08	1
LSM14B	0.00706357090460866	0.290795361408634	0.333	0.078	1
ENO1	0.00707756384477937	0.367170264445067	0.889	0.734	1
TMEM14C	0.00710873946064744	0.521660654005296	0.778	0.31	1
CAAP1	0.00714211096873248	0.458128999239329	0.333	0.086	1
EMC4	0.00720820285513895	0.437734240074264	0.556	0.182	1
HLA-C	0.00721432525793203	-0.665170243326848	0.444	0.724	1
RFWD2	0.00759084120012122	0.290017588918642	0.333	0.079	1
SMA5	0.00763157125787718	0.350599255032511	0.333	0.082	1
CMTM7	0.00789785482275589	0.340786394494854	0.333	0.082	1
FAM111A	0.00791148883608269	0.526464220431895	0.667	0.254	1
SCLT1	0.00809273642069248	0.385650157340921	0.333	0.084	1
DPY30	0.00811596093618942	0.438369728683809	0.556	0.187	1
POP5	0.00811597605979033	0.361109509045685	0.333	0.084	1
LSM10	0.00817591535588401	0.292005369843806	0.333	0.08	1
CSE1L	0.00828433569046275	0.37032730796502	0.333	0.085	1
NFU1	0.00830364180503411	0.451043070573872	0.333	0.088	1
GTSF1	0.0083063239541421	0.384016108157813	0.333	0.086	1
WBP2	0.00835447060249032	0.425806233191083	0.333	0.086	1
DBI	0.00857400537495672	0.531536954901442	1	0.566	1
HEBP1	0.00860336839844657	0.462214174250182	0.333	0.089	1
TIMM10	0.00863295612279915	0.489128156254594	0.333	0.092	1
ARRB2	0.00867579295676308	0.504895672438859	0.556	0.197	1
RN7SK	0.00868776790461153	-0.680893901782043	0.444	0.721	1
SUGP2	0.00881545521100558	0.473728429789347	0.556	0.194	1
CENPW	0.00909337348751323	0.340374370753117	0.333	0.084	1
NEDD8	0.00910979604485426	0.542900343482601	0.667	0.284	1
SLC25A5	0.00921733288772473	0.535092724939462	0.889	0.465	1
DNPH1	0.00932916581021526	0.528870093933306	0.444	0.159	1
CCDC130	0.00938073420881761	0.311140814763421	0.333	0.083	1
MTDH	0.00949842632045621	0.544655073437052	1	0.449	1
YTHDF2	0.00950649903286265	0.333493448867443	0.444	0.128	1
HIPK1	0.0096128708190256	0.382171726127434	0.444	0.133	1
RBM42	0.00962158393152741	0.345223102951173	0.333	0.085	1
RMI1	0.0096390161720297	0.338306987404159	0.333	0.085	1
SPINK2	0.00969827237328831	-1.03595468798052	0.111	0.524	1
CHMP1A	0.00971061215587948	0.288171437838527	0.333	0.082	1
KIF11	0.00987644362970316	0.305882551756732	0.333	0.084	1
DAZAP2	0.0100802790720563	0.550848188250766	0.667	0.308	1
LSM7	0.0105821252809889	0.521406693115549	0.889	0.414	1
PTPRC	0.0108302708044038	-0.663506738393217	0.444	0.701	1
SSR1	0.0108791320768944	0.570353052002524	0.667	0.302	1
ANP32B	0.0109229240465705	0.53157134946659	1	0.496	1
CEP78	0.01108517282638	0.261181470913291	0.333	0.084	1
RAB18	0.0113485542680246	0.281205856114791	0.333	0.085	1
KCNJ3	0.0114336799826801	0.521534423001496	0.667	0.3	1
SUMO3	0.0116643386941202	0.413577004012159	0.556	0.191	1
TPP2	0.0117900296929613	0.401014256793535	0.556	0.19	1
MAD2L1	0.0119256471345075	0.281977342592993	0.333	0.085	1
PPT1	0.0120246464113718	0.455881252035476	0.556	0.204	1
SERINC3	0.0122121755877735	0.46293174401527	0.667	0.26	1
CYB5R3	0.012248060886908	0.390637423614247	0.333	0.091	1
ERLIN1	0.0122549801189602	0.354324993101035	0.444	0.136	1
GMNN	0.0126187231178603	0.431764619993608	0.333	0.097	1
AHCYL1	0.0126527596034735	0.41831670925939	0.444	0.143	1
CUL4A	0.0127759476036569	0.279688836246122	0.333	0.086	1
TKT	0.0127779806719861	0.481563143057675	1	0.606	1
SRA1	0.0129537333345123	0.255794173971349	0.333	0.085	1
EML4	0.0130948306239814	0.333399897154898	0.333	0.088	1
VCP	0.0131036859541721	0.488490052344449	0.667	0.272	1
DPM3	0.0131887683502635	0.39985434152892	0.444	0.145	1
NSMAF	0.0136774367513466	0.367312867849734	0.333	0.091	1
CAPNS1	0.0136851776035523	0.491701090645728	0.556	0.213	1
TMX4	0.0138853040848557	0.498717633894612	0.667	0.275	1
DNAJC15	0.013892643915424	0.45137522286159	0.556	0.207	1
GAS5	0.0138981625188408	-0.535167736723683	0.556	0.741	1
CENPJ	0.0139099493854639	0.348843771569776	0.333	0.091	1
MCRIP2	0.0139638975041433	0.375371104423319	0.333	0.094	1
PDIA6	0.0142002645969705	0.509466340305567	0.667	0.292	1
CMIP	0.0142208823455857	0.368715473460877	0.333	0.092	1
PRDX4	0.0142324393551299	0.477327576391508	0.333	0.103	1
TP53I13	0.0142617611874259	0.362125523686635	0.333	0.093	1
CRTAP	0.014320602834501	0.421442916053188	0.556	0.199	1
CERS6	0.0143439140492781	0.424047334295378	0.444	0.147	1
EIF5AL1	0.0143514426089318	0.359952119931257	0.444	0.14	1
PRDX3	0.0144472551031988	0.535915109943828	0.556	0.244	1
NAP1L4	0.0145045354151655	0.519999119410219	0.556	0.232	1
SMG1	0.0145046705664465	-0.832115320850675	0	0.423	1
APLP2	0.0146381331382264	0.486740256969636	0.889	0.554	1
COA3	0.0147427242098029	0.416481679078815	0.333	0.098	1
MIF-AS1	0.0148361681469284	0.415492025373225	0.667	0.255	1
SMC4	0.0150569492589171	0.555895561755391	0.667	0.283	1
NACA	0.0155254089462142	-0.371964103889875	0.667	0.816	1
IL17RA	0.0156782363917943	0.405257154651083	0.333	0.094	1
SYNCRIP	0.0157866647376669	0.546845375857463	0.667	0.327	1
METTL26	0.0162486189263875	0.405936271930485	0.444	0.149	1
COX4I1	0.016355494075329	0.391599026687413	1	0.721	1
FNIP1	0.0163956908616672	0.410064078500321	0.333	0.098	1
OXR1	0.0168836503264171	0.408713745880492	0.333	0.097	1
MIF	0.0168893465801865	0.484381780782773	1	0.591	1
GABARAP	0.0170964873373237	0.50067614959087	0.778	0.483	1
EDARADD	0.0173665028256598	0.440526653085793	0.556	0.214	1
ATP6V1B2	0.0176482731331702	0.434439025414151	0.444	0.156	1
WDR45B	0.0178115324952202	0.252228030567628	0.333	0.09	1
GRN	0.0179602254461981	0.538594427198954	0.889	0.43	1
SCAND1	0.0179742576944794	0.499314225929135	0.556	0.237	1
NONO	0.0180172217641425	0.490191693784616	0.889	0.471	1
MRPL33	0.0181648439760003	0.506452499589534	0.778	0.43	1
LIG1	0.0181796473586217	0.261561710531131	0.333	0.092	1
HEXB	0.0182346345713679	0.331404029644761	0.444	0.143	1
PGM2	0.0182623903767238	0.326084546592883	0.333	0.094	1
PSMD2	0.0183005618547905	0.47475317433008	0.556	0.218	1
TMEM109	0.0184928203352211	0.265905397450518	0.333	0.092	1
ZMAT2	0.0185850299918152	0.348035957017766	0.444	0.147	1
ANP32E	0.0188269775146476	0.459970130984248	0.556	0.215	1
LINC00674	0.0189153170302695	0.491031936417685	0.444	0.164	1
NIT2	0.0190265333820623	0.330814932673674	0.333	0.097	1
GSTP1	0.0191257138766562	0.373857439153666	0.889	0.716	1
SERF2	0.0197008627603911	0.286218889538788	1	0.819	1
HINT2	0.0197397197148398	0.466155623082785	0.444	0.164	1
AK2	0.0197808895354354	0.502889685164735	0.556	0.253	1
PTGES3	0.0197809607703095	0.481172945774349	0.778	0.441	1
RNASE2	0.0198075240083189	0.550273424146384	0.667	0.321	1
CLASP2	0.0199244910180922	0.391720735340031	0.333	0.098	1
GLOD4	0.0200398618806818	0.277332607995144	0.333	0.094	1
NFATC2IP	0.0203727584403841	0.394354135410955	0.333	0.101	1
PNKD	0.0207458196139426	0.44660091761981	0.444	0.164	1
FUS	0.0210789848170914	0.494761125576858	0.667	0.327	1
CTDSP2	0.0211439529642236	0.319223266468711	0.333	0.097	1
DUT	0.0216324192266517	0.536053577616193	0.778	0.455	1
ROMO1	0.0216347372729532	0.534397094141633	0.667	0.335	1
HSPA5	0.0218742293368522	0.482915810248055	0.889	0.471	1
ANAPC5	0.0223687012728562	0.487956428716531	0.667	0.309	1
IGFBP7	0.0223913745452233	0.501532884094853	0.444	0.171	1
HEBP2	0.0225484789168668	0.491025260709076	0.556	0.247	1
BFAR	0.0226199634454835	0.40132012385259	0.333	0.105	1
PFDN1	0.0226544748991498	0.440384217953628	0.444	0.16	1
CLDND1	0.0226612276951314	0.406344667655385	0.333	0.103	1
CASP1	0.0227720051074609	0.415257505226681	0.444	0.162	1
PPIE	0.0228037544867536	0.289463120638629	0.333	0.097	1
TTC39C	0.0229409359735868	0.44778172462888	0.333	0.106	1
MT-ND4	0.0232089390478159	-0.389218628222668	0.778	0.862	1
CCT2	0.0233766792735644	0.429509086513082	0.667	0.277	1
RAB5C	0.0239039581390556	0.282164411636897	0.333	0.097	1
FAM107B	0.0242263475028156	0.410285031581191	0.444	0.161	1
CHCHD2	0.0245992800754252	0.44174283541173	0.889	0.583	1
MFF	0.0247773206020123	0.434845263081275	0.444	0.162	1
GDI2	0.0247853366278873	0.467020085357305	0.889	0.509	1
IDH2	0.0253363280627242	0.539979944365058	0.444	0.167	1
RBM22	0.0254846449471983	0.420587256416249	0.444	0.164	1
CD99	0.0259030859377224	-0.743526579998972	0.222	0.55	1
PRRC2C	0.0259791997336123	-0.724239806187361	0.111	0.519	1
ECHS1	0.0262512691984983	0.372343115050603	0.444	0.162	1
PRELID1	0.0263318743581303	0.47142170595033	0.444	0.177	1
SMC5	0.0264982126730743	0.436578025915935	0.444	0.17	1
COX6B1	0.0265596795498808	0.461547409934102	0.778	0.484	1
ZMPSTE24	0.0266850488759469	0.364508483373223	0.333	0.105	1
CHCHD7	0.0266920192526136	0.369325668630223	0.333	0.105	1
SHKBP1	0.0267936843803845	0.325528500906816	0.333	0.101	1
NCOA4	0.0269440348580447	0.470005160048468	0.889	0.426	1
KPNB1	0.0269935727020417	0.472345533001291	0.667	0.346	1
DDX17	0.0274390804494435	-0.575204048148617	0.444	0.65	1
EIF2S2	0.0280899419932911	0.500847592759454	0.556	0.26	1
HOOK3	0.0281948652253638	0.381987548099333	0.556	0.211	1
ARPC3	0.02833303065193	0.377114520327276	1	0.729	1
PAIP1	0.0285641983573761	0.430501630121157	0.333	0.111	1
PSAP	0.0286006567111056	0.47279733593408	1	0.572	1
MRPS34	0.0289544792993115	0.399628098497413	0.556	0.222	1
CLEC12A	0.0292012706538617	0.45838244663691	0.667	0.318	1
ELAVL1	0.0294503599376867	0.297471144315437	0.333	0.103	1
DUSP3	0.0295958312784942	0.310615150468141	0.444	0.154	1
CD36	0.0298213787469129	-0.757069687112991	0.333	0.582	1
MRPS16	0.0298477626987853	0.427256372368508	0.444	0.17	1
SPARC	0.0298826695633458	0.422997259729352	0.333	0.118	1
RUVBL2	0.0299356458360792	0.2530932947307	0.333	0.101	1
MAPK1IP1L	0.0302824007653097	0.316307041425411	0.444	0.152	1
TMEM14B	0.0303532208044298	0.427916243940691	0.667	0.306	1
CD63	0.0304118784713979	0.498228611556861	0.778	0.475	1
SUB1	0.0307685824301402	0.457195065641277	0.889	0.48	1
ACTN1	0.0309012954733541	0.383974840810713	0.333	0.113	1
USP39	0.0314308218802591	0.332087911010816	0.333	0.107	1
NME2	0.0319685266327273	0.45864138261938	0.889	0.491	1
TMEM256	0.0321837338675879	0.357554254574575	0.444	0.163	1
SRSF1	0.0323173460810017	0.384460396731485	0.556	0.228	1
CHD1L	0.0327786789883622	0.293391412157641	0.444	0.154	1
MARCH7	0.0330797717349642	0.375576867258331	0.556	0.222	1
APIP	0.0332261638661256	0.312111535640408	0.333	0.106	1
COX8A	0.0332648840587083	0.473853497340062	0.778	0.457	1
PGAM1	0.0333087719622729	0.381068635733075	0.556	0.235	1
UBA6	0.033459265178021	0.410641905804389	0.333	0.111	1
CFD	0.0346138439718896	0.454136444056189	0.889	0.614	1
TSPAN3	0.0348775589017824	0.399281884977022	0.333	0.116	1
IDI1	0.0349662209333023	0.341886042952304	0.333	0.111	1
PMAIP1	0.0351752850110276	0.386629409417439	0.333	0.113	1
PAPSS1	0.0352141327862066	0.322204382178243	0.333	0.109	1
JAML	0.0353398476096526	-0.783152251034137	0.111	0.432	1
DUSP6	0.0353629330058658	-0.661016627451341	0.222	0.535	1
MYB	0.035461785333148	0.352033964562739	0.444	0.165	1
TMED7	0.0357578562539883	0.35875346047316	0.333	0.113	1
UQCR11	0.036352739656592	0.406805913082448	0.889	0.594	1
ABI1	0.0364342605716522	0.405124600292164	0.556	0.237	1
BTF3	0.0364403329347482	-0.352313704662986	0.667	0.813	1
IL16	0.0364894967846108	0.29891535854822	0.333	0.106	1
LMNB1	0.0366872228544094	0.392896344778205	0.444	0.177	1
PFN1	0.0367135667664168	0.259442410367705	0.778	0.743	1
DTYMK	0.036835083587837	0.385504000041305	0.333	0.118	1
SF3B3	0.0369789460331113	0.386259867283021	0.333	0.117	1
EIF4E2	0.0369847561503488	0.337613698182957	0.333	0.11	1
BMS1	0.0372040484920108	0.295623160572964	0.444	0.16	1
RIF1	0.0376720983879442	0.434854701086206	0.444	0.182	1
TMEM9B	0.0377069600027224	0.410414719262161	0.333	0.119	1
HBS1L	0.0381457578118959	0.280292347850996	0.333	0.107	1
EIF3K	0.0383350962696805	0.44855730580257	0.778	0.44	1
ZYX	0.0384732286556141	0.326294825855773	0.444	0.165	1
STIP1	0.0386475747494115	0.37879497049931	0.444	0.174	1
CPVL	0.0393185994895138	0.474482358569358	0.667	0.318	1
RFC2	0.0393828688991206	0.301586104528247	0.333	0.11	1
CLNS1A	0.0394735356498462	0.415220398006609	0.556	0.254	1
TACC3	0.0395504512160267	0.361071413368264	0.444	0.174	1
PAK1	0.0396882033319256	0.44944697216333	0.556	0.256	1
MDH2	0.0397165601766568	0.354333143701551	0.556	0.225	1
SEC61B	0.0403270161259089	0.463026702799605	0.667	0.343	1
SDHD	0.0404193952083765	0.318474321322103	0.556	0.22	1
HSPD1	0.0409178778789696	0.447963801176938	0.889	0.493	1
PPDPF	0.0409513336908768	0.440816723616202	0.444	0.192	1
DOCK2	0.0412731693652185	0.377386349140586	0.556	0.237	1
RECQL	0.0414112099721532	0.391234810791049	0.333	0.118	1
CHD9	0.0417272290959415	0.429728040903121	0.444	0.185	1
CDKN2C	0.041987763985405	0.417881358225135	0.333	0.12	1
MCM5	0.0422891737881331	0.328019502298426	0.333	0.114	1
PARVG	0.0425837823565029	0.382986691544436	0.556	0.245	1
NDUFA2	0.042646083191741	0.382126117265024	0.556	0.245	1
CHMP4A	0.0429909200976088	0.318170571988004	0.333	0.114	1
LOC644936	0.0434620588125187	0.328647680685973	0.333	0.113	1
HSPE1	0.0436105012972603	0.413526890096774	0.556	0.255	1
FCGR2A	0.0436942115806641	0.335663106569648	0.444	0.172	1
CNPY3	0.0439280968584182	0.423986976071887	0.667	0.333	1
MRPL12	0.044155583971206	0.393909879267993	0.333	0.12	1
CD58	0.0444725983597232	0.380743948427987	0.333	0.117	1
TIA1	0.0446731593244159	-0.642793612347198	0	0.32	1
RAB3GAP2	0.0448285631867069	0.334784592098785	0.333	0.115	1
PTPRCAP	0.045149231257825	-0.657678370433355	0	0.319	1
SMDT1	0.0463697849017239	0.389358811445844	0.667	0.307	1
F13A1	0.0470486459329267	0.433152963045727	0.444	0.188	1
STIM1	0.0472719561312754	0.308794718842476	0.333	0.115	1
MALAT1	0.0474614798791001	-0.296527906988196	0.889	0.981	1
DDX24	0.0474878128674592	0.330179558341706	0.444	0.174	1
AGTRAP	0.0476531562400262	0.312346656147327	0.333	0.117	1
HSD17B11	0.0477151318314202	0.424453997607003	0.778	0.398	1
H2AFY	0.0478988684494708	0.38017582383051	0.889	0.622	1
MT-COX3	0.048462270816347	-0.526353655426962	0.556	0.772	1
CSF1R	0.0485337206359601	0.255054020038903	0.333	0.111	1
TMEM179B	0.0499924310543188	0.279826677031163	0.333	0.114	1
SNORA109	0.0501213897690161	-0.524641721264923	0.444	0.613	1
ATP5B	0.0507259040235212	0.405198692555816	0.778	0.417	1
RNH1	0.0523516930017264	0.52903857934519	0.444	0.216	1
CBX5	0.0529155458373503	0.373813048482055	0.556	0.248	1
ECHDC1	0.0531652593315435	0.264843966990139	0.444	0.168	1
SCCPDH	0.0539482050791205	0.360955090149335	0.444	0.19	1
MRPL11	0.0539680481728127	0.323046675509705	0.444	0.18	1
CNIH4	0.054277182599726	0.265352732917993	0.333	0.114	1
UBE2Q2	0.0547085590397999	0.294082999876445	0.444	0.172	1
RRM1	0.0548023410699498	0.32158390279903	0.333	0.122	1
RIPOR2	0.0550580498543301	-0.654236160320872	0	0.299	1
CXorf21	0.0552406400564348	0.290572513008963	0.556	0.226	1
SLC44A1	0.0553967497462889	0.42585418938755	0.444	0.2	1
MCUB	0.0562787092094426	0.299316904935177	0.333	0.117	1
FTL	0.056323491268193	0.255468976295546	1	0.865	1
AP3B1	0.0563410205463798	0.328287159259074	0.444	0.181	1
FBXO11	0.0566162630738	0.255243042427942	0.333	0.114	1
CPD	0.0566922666306443	0.367497761130857	0.333	0.126	1
EIF1	0.0568015356430478	0.264501885209008	1	0.837	1
APOPT1	0.0569750434208504	0.29724799609237	0.333	0.119	1
DNAJC8	0.0576259904670707	0.406752200696948	0.667	0.348	1
KMT2E	0.0576604118653013	-0.610323592841267	0	0.294	1
RNASEH2C	0.0576683410309656	0.3169731638584	0.556	0.24	1
CENPX	0.0584508808045781	0.290147738830621	0.333	0.12	1
C21orf59	0.0603021669939174	0.353303995851993	0.444	0.188	1
ZFAS1	0.0604922069167535	-0.338336379750573	0.667	0.763	1
RNA5-8S	0.060859313613091	0.413236670011001	0.889	0.5	1
GART	0.0609762969229911	0.364776426885852	0.333	0.129	1
CDC42SE2	0.0611387494448242	-0.577463386498015	0	0.288	1
MEF2C	0.0612939802731042	-0.602130259331149	0	0.288	1
RPA2	0.0613848984800999	0.318591512067444	0.333	0.125	1
LCP1	0.0617535585488915	0.319583516446377	1	0.763	1
FAM30A	0.0619182956480772	-0.597259537604698	0	0.287	1
BMI1	0.0623901089346303	-0.568662449706415	0	0.286	1
GALNT7	0.062413095923652	0.27653770543246	0.333	0.12	1
NSL1	0.0632584238288357	0.366029569334534	0.333	0.13	1
UTP23	0.0636288430306096	0.302198756956469	0.333	0.123	1
SUCLG1	0.0646532987028875	0.477818245958161	0.444	0.225	1
RAB21	0.0649642882675194	0.370646704615581	0.333	0.13	1
NDUFA6	0.0650650992714353	0.37192015895765	0.444	0.196	1
PRR11	0.0661032669017496	0.301444081974914	0.333	0.125	1
COMT	0.0661111487302676	-0.53818199531597	0	0.28	1
PRPF8	0.0662486523016856	0.34683504573062	0.444	0.193	1
EIF4A2	0.0664725227382187	-0.492804078327957	0.333	0.595	1
ITGA4	0.06659029477019	-0.585693423960786	0.111	0.415	1
THRAP3	0.0672296695787048	0.420749381975925	0.667	0.328	1
ERO1A	0.0679392848895496	0.300374375612412	0.333	0.126	1
PKM	0.0680037020061022	0.416666157853396	0.667	0.413	1
HPRT1	0.0685310946600815	0.348488214773045	0.333	0.135	1
MTHFD2	0.0687741717285511	0.361695347698864	0.333	0.133	1
EDF1	0.0696882854315035	0.343179485828726	0.778	0.375	1
HNRNPA1L2	0.0699073944019131	0.29377380217359	0.444	0.188	1
OST4	0.0700809293451729	0.362339352975298	0.778	0.424	1
SPCS3	0.0705321872138117	0.416731571344475	0.667	0.388	1
ARFGEF1	0.0705917776619789	0.347394225007551	0.333	0.131	1
COPS9	0.0708489436539011	0.36808722593519	0.556	0.279	1
ANKRD42	0.0709861332841783	0.365310748825287	0.556	0.273	1
CDC123	0.0710706699840408	0.352039346872749	0.444	0.199	1
SATB1	0.0716049371382209	-0.560184983963103	0	0.272	1
STK26	0.0717461278563305	0.348129198519763	0.333	0.134	1
CLU	0.0720734645790142	0.281963215977126	0.333	0.126	1
TSPO	0.0723459680271989	0.369366696175077	0.778	0.52	1
JMJD1C	0.073400407119344	-0.551872865357161	0	0.269	1
EVI2A	0.0735036748624085	0.365016742380468	0.667	0.345	1
FRG1	0.0735427042302493	0.361539365672389	0.333	0.135	1
EIF4A1	0.0742611413819093	0.364982560346063	0.889	0.605	1
NUTF2	0.0754860390066123	0.279066878341838	0.444	0.187	1
PPA1	0.0756119097598514	0.357258412264901	0.556	0.28	1
NDUFB1	0.0758419829955918	0.348132196061693	0.667	0.332	1
LMAN2	0.0759792011181465	-0.507986142959373	0	0.266	1
MT-ATP8	0.0761931520981191	-0.585749103038506	0.111	0.37	1
FGL2	0.0766664080372776	0.356369473507392	0.667	0.302	1
ATP5A1	0.0776465330103689	0.355063811159529	0.667	0.451	1
DNAJA1	0.0776483719283631	-0.541368252380832	0.111	0.407	1
PRSS57	0.0778687091418723	-0.539221319816434	0	0.263	1
NSD2	0.0781979836375659	0.392035210138651	0.333	0.143	1
TRAPPC5	0.0783913323331124	0.388006698361769	0.444	0.219	1
HNRNPF	0.0786328147399904	0.365098397386334	0.667	0.354	1
LARS	0.0787830103468031	0.35314609938062	0.556	0.279	1
DARS	0.0794379500489363	0.414182960539296	0.444	0.223	1
FAM110A	0.0797195573113042	0.377579042580367	0.444	0.215	1
MRPS6	0.0805821152373974	-0.510640108267057	0	0.259	1
NOL7	0.0805821155417622	-0.512043069462236	0	0.259	1
NDUFS8	0.0808914974661181	0.384423118234489	0.333	0.141	1
WTAP	0.0811397051625758	0.359784740188674	0.444	0.208	1
UBE2A	0.0813047845574585	0.362087331637247	0.333	0.141	1
CKS1B	0.0813696733003832	0.409748151189807	0.333	0.14	1
GUCY1A3	0.0813722212275548	-0.568022248707625	0	0.258	1
MT-ND5	0.0816439569965223	-0.390408542632362	0.556	0.767	1
PHPT1	0.0816811050295811	0.338508132646087	0.556	0.265	1
AOAH	0.0826343311253921	0.310835386273824	0.333	0.13	1
ZNF638	0.0833319196871555	0.417844329441126	0.556	0.282	1
CD86	0.083371674450357	0.259330747866506	0.333	0.125	1
BNIP2	0.0848053931677019	-0.501781942393526	0	0.254	1
UFC1	0.0850111891570848	-0.485875880283953	0	0.253	1
USP1	0.0854273702350207	0.273627494251603	0.556	0.243	1
CELF1	0.0862070578194651	0.269310945246577	0.444	0.187	1
COX5A	0.0865489419407653	0.373820323901465	0.667	0.424	1
RPL31P11	0.0881080689856086	-0.49545130405561	0.111	0.4	1
PSMC1	0.0881257144965721	0.285009947825372	0.556	0.255	1
SNRPE	0.0890930901303496	0.328186837326983	0.667	0.355	1
NDUFS4	0.0894177873333512	0.339923950393801	0.444	0.208	1
ARPC1B	0.089429259611958	0.350759107249593	0.889	0.649	1
PM20D2	0.0896150448650291	0.311818946796999	0.333	0.14	1
RAC2	0.0900381474931703	-0.569533600866353	0.222	0.427	1
ARL6IP5	0.0906082660324739	-0.514910730807798	0.333	0.535	1
ASPH	0.0911250074429242	0.27339431347848	0.333	0.131	1
NDUFB9	0.0914093804972337	0.388107198625811	0.556	0.327	1
UTP11	0.092819362670912	0.306185682191759	0.333	0.137	1
SLC9A3R1	0.0929006694162829	0.38531884754972	0.333	0.148	1
RUNX1	0.0930877627405703	0.340302281913339	0.556	0.28	1
PSMG2	0.0931091038503311	0.306281937296718	0.444	0.206	1
NDUFA13	0.0932592126117381	0.321300103263655	0.667	0.534	1
CISD2	0.095718580347385	0.290451136636533	0.333	0.139	1
ALDH3B1	0.0960064223046704	0.268799936061749	0.333	0.136	1
HLA-DRA	0.0962735969462432	-0.328922932719276	0.667	0.821	1
GANAB	0.0965335306772468	0.256529998034432	0.333	0.135	1
RMDN1	0.096749756086557	0.283399488992404	0.333	0.136	1
TMED9	0.0975843124301934	0.357846359002673	0.444	0.229	1
TUBB4B	0.0975859196779963	0.252730070485239	0.333	0.133	1
SMARCC1	0.0980224816233245	0.394326166110301	0.556	0.307	1
BST2	0.0983089919380867	-0.540358307670906	0.111	0.343	1
RAB3D	0.0983456912350861	0.263866394276827	0.444	0.195	1
SELENOS	0.0986679334677875	0.257417077468958	0.333	0.135	1
RPN1	0.0986817463152545	0.329113861704245	0.444	0.215	1
VPS13C	0.0992625589864116	-0.530125106444659	0.111	0.358	1
CENPU	0.0994314915870761	0.337951768322221	0.333	0.145	1
ATP6V1A	0.0994565624679765	0.343128339455227	0.333	0.147	1
SNRPC	0.100206037099278	0.251215746115332	0.556	0.251	1
MT-ATP6	0.100242995707855	-0.366169507095853	0.556	0.775	1
HNRNPA1	0.101520931602949	0.259261448611643	1	0.82	1
ERGIC3	0.102590821582253	0.356752824534394	0.444	0.225	1
LDHB	0.10339279761726	0.357693840784374	0.667	0.426	1
ATP5J2	0.105414079232789	0.334591022849943	0.556	0.294	1
YWHAQ	0.107788660507721	0.32007806003949	0.556	0.281	1
ATP5O	0.107828015951036	0.371390734930483	0.667	0.425	1
S100A4	0.107837326934917	0.263206029807606	0.889	0.753	1
AGTPBP1	0.109243881655028	0.298963426075037	0.333	0.143	1
OSTC	0.109811754082287	0.377188608689669	0.667	0.397	1
CFP	0.111121575007445	0.30749774821643	0.444	0.21	1
ANAPC11	0.1120250048764	0.361738958494818	0.556	0.336	1
HLA-DMA	0.112600504513315	-0.495793950613483	0.111	0.351	1
S100A10	0.114330830055314	0.273534093118029	0.444	0.194	1
RNASE6	0.114703559262306	0.37056818416266	0.556	0.331	1
ASH1L	0.11546022845173	0.314044660855096	0.444	0.214	1
PSMD8	0.115481602870646	0.291681231066133	0.444	0.213	1
SSR4	0.115577250889766	0.347190726169446	0.889	0.567	1
PLP2	0.116113751821278	0.306940906833483	0.333	0.149	1
TRIR	0.116353416963345	0.351583365323097	0.444	0.239	1
FNBP1	0.117222760283081	-0.47195007422888	0.111	0.376	1
RAB1B	0.117259301741231	0.256972727284135	0.333	0.141	1
CALR	0.117744202555282	0.355789258697051	0.889	0.557	1
GSTO1	0.117898341729374	0.367442558878049	0.556	0.375	1
NAA15	0.118711126994914	0.320889891608001	0.333	0.15	1
TCF25	0.119670919081564	0.251131598755236	0.556	0.256	1
EZH2	0.119945308807846	0.257342511154327	0.333	0.142	1
LAMTOR2	0.120282610540523	0.275561769517168	0.444	0.216	1
MYADM	0.121177509834964	-0.526414231758382	0.111	0.333	1
PRMT2	0.121523100626115	-0.471790437478519	0.111	0.362	1
CTDSPL2	0.121603715827766	0.272564989313586	0.333	0.145	1
ACTR2	0.121648508354765	0.275708048937156	0.778	0.664	1
ALDOA	0.121794019135304	0.274670623533947	0.667	0.579	1
MGST1	0.122393257761329	0.367522868896878	0.556	0.35	1
ACAA2	0.125180750168571	0.291594077715199	0.333	0.15	1
NDUFB7	0.126172875081267	0.317780277236059	0.556	0.3	1
FLII	0.127149697454311	0.274099394857915	0.333	0.15	1
VPS35	0.127849683602002	0.400552460804162	0.444	0.267	1
RTF1	0.128223894246019	0.275919911973075	0.444	0.214	1
IRF2BP2	0.128485099691354	0.3467678176195	0.667	0.424	1
GNAS	0.128932802443176	-0.418821698003509	0.333	0.487	1
MKRN1	0.129335977580401	0.338906476308911	0.333	0.159	1
CARD19	0.129345031071653	-0.522864291967704	0.111	0.318	1
RPL13AP20	0.129356216129889	-0.401177817580856	0.333	0.517	1
LAPTM5	0.130383568691091	0.328539900149426	0.889	0.599	1
ARPC5	0.131238169458393	0.372596688954469	1	0.623	1
SFPQ	0.131425831974648	0.350982839413525	0.556	0.328	1
TXNRD1	0.131556590730185	0.273837471595305	0.333	0.152	1
RER1	0.134250495075178	0.300414737401379	0.333	0.156	1
HLA-A	0.135764662895654	-0.272981101198448	0.667	0.813	1
ATP5G2	0.136712029365801	0.313069066339366	0.889	0.641	1
RCSD1	0.137335792823871	0.31963473096277	0.556	0.311	1
RAB2A	0.137696714358432	0.275927385871387	0.444	0.214	1
PLEK	0.138107402950227	0.319854145848287	0.778	0.475	1
RANBP1	0.139258066890276	0.334295320439765	0.444	0.239	1
PDIA4	0.140184028508958	0.267288255452961	0.333	0.154	1
IRAK3	0.140894933917957	0.364323627175841	0.333	0.173	1
CCT4	0.141542196990995	0.316182933587902	0.556	0.322	1
RPL13AP6	0.142046627775145	-0.431853631842194	0.333	0.537	1
MT-ND1	0.142700143832717	-0.399266330177777	0.444	0.646	1
SYF2	0.145585615012418	0.269995225364238	0.444	0.225	1
ENY2	0.145885032586346	0.28150137465732	0.556	0.298	1
ARHGDIA	0.146805616393318	0.313937244036603	0.333	0.166	1
PPP3CA	0.148296941761943	0.266268460691701	0.333	0.153	1
HSP90AA1	0.148310962546234	0.320842149733765	1	0.699	1
EIF3M	0.148385648532905	-0.473165132806463	0.111	0.305	1
SYK	0.149270190947489	0.298970044926889	0.556	0.308	1
UBXN1	0.149597387475258	0.340723009817019	0.444	0.253	1
RPL22L1	0.150428221028261	0.304139246053	0.667	0.367	1
HAUS4	0.150843915954309	0.315489910858104	0.333	0.162	1
ECH1	0.150846157525791	0.309142099068621	0.444	0.235	1
YWHAZ	0.151321370859067	-0.370032558345643	0.444	0.669	1
LAMTOR1	0.151665275709644	-0.476019167133284	0.111	0.303	1
NFE2L2	0.151902809963933	0.277064282333367	0.333	0.154	1
PET100	0.152480972203398	0.270527300441607	0.444	0.229	1
CEBPZ	0.152859070743759	0.332940741509795	0.333	0.173	1
UBXN4	0.153234917516146	0.297690453829678	0.667	0.36	1
ANKRD36BP1	0.153296272101085	0.297154543340406	0.444	0.231	1
AP2S1	0.153876543635436	0.327125195841443	0.444	0.24	1
FLJ44635	0.154969666516335	-0.322540031672404	0.556	0.642	1
CACYBP	0.156787110866825	0.303899946325397	0.556	0.329	1
FABP5	0.15695481368295	0.309189928373367	0.444	0.243	1
FLT3	0.157342501879987	-0.395940043163843	0.333	0.502	1
HNRNPR	0.15820668353932	0.269207432296567	0.667	0.359	1
HDLBP	0.159382854338203	0.312902766775621	0.444	0.248	1
TMEM258	0.160105124826055	0.269177609961336	0.667	0.352	1
KLF6	0.160417374290387	-0.516143004538345	0.333	0.489	1
PSMA7	0.161086259430077	0.302895380607457	0.778	0.532	1
STK4	0.161147062648598	-0.489115423257857	0.111	0.298	1
PCM1	0.161715324741403	-0.462773290807053	0.222	0.409	1
AKR7A2	0.162087280918348	0.297768990798107	0.333	0.17	1
HLA-DRB6	0.162121438715563	-0.485111463920817	0.111	0.297	1
SMARCA2	0.162308751230122	0.268325533451614	0.333	0.158	1
AHR	0.162595583686487	-0.442620182647281	0.111	0.33	1
DPP7	0.16285807063166	0.340987270040881	0.444	0.278	1
EFHD2	0.163010879133556	0.262148966734761	0.333	0.157	1
NUP214	0.163837547211418	0.327156126355191	0.444	0.252	1
STARD7	0.164870673250908	0.253286260954706	0.556	0.284	1
RPSAP58	0.165585262507001	0.343657129077313	1	0.637	1
VKORC1	0.167958822300477	0.331638833933592	0.333	0.17	1
SUMO2	0.168135349327021	0.316299626788261	0.889	0.574	1
HIST1H1E	0.168387597778872	0.36410220636225	0.444	0.281	1
CAPZB	0.170749486680376	-0.448477140641541	0.222	0.404	1
CD47	0.170772902415513	-0.406765998435784	0.222	0.426	1
SZRD1	0.171686701134682	0.29730369858574	0.333	0.154	1
SSR3	0.171930060098877	0.298668551627845	0.667	0.392	1
DMAC1	0.171952211983709	0.251266849072196	0.444	0.224	1
SNHG6	0.172675653662876	0.264198223636085	0.778	0.512	1
UBQLN1	0.174116306666981	0.268589613240448	0.333	0.164	1
NSA2	0.175294616566577	-0.428358813726056	0.111	0.292	1
NDUFA10	0.175402412314389	0.268293626706784	0.333	0.165	1
ZNF207	0.175931354940504	0.35285650559076	0.556	0.354	1
RAB27A	0.177385912574437	0.25089693005172	0.333	0.164	1
ATP5H	0.178672599762716	0.251921154611251	0.667	0.347	1
PAFAH1B2	0.180158048085656	-0.414581246864926	0.111	0.295	1
NEAT1	0.180762369924394	-0.400255473205805	0.444	0.532	1
ANAPC16	0.183170817629725	-0.454866864119379	0.111	0.285	1
MT-ND4L	0.18392335729744	-0.416077898918114	0.333	0.452	1
H3F3AP4	0.185466053678135	-0.37626156029848	0.333	0.597	1
JPT1	0.185506898444229	0.270322976969375	0.333	0.168	1
MZT2B	0.185579988459546	0.37744386121088	0.333	0.2	1
COMMD7	0.186767929345161	0.33724695388413	0.333	0.18	1
HSP90B1	0.187358728291297	0.289162649873287	0.778	0.569	1
AIF1	0.187406849696934	-0.301597119911171	0.667	0.686	1
SNRPG	0.187642458557262	0.315254477120429	0.556	0.363	1
ALOX5AP	0.188417518434497	0.26419905790554	0.333	0.167	1
MRPS36	0.195092261350306	0.253259897596709	0.333	0.171	1
DEK	0.195942200390519	0.307729670643138	0.556	0.372	1
HCST	0.197273250533468	0.255131826777683	0.778	0.464	1
TPI1	0.199574057022254	0.287201788569294	0.778	0.537	1
XRN2	0.201034111039057	0.288635159728985	0.444	0.267	1
IQGAP1	0.202857003785934	0.310896558412156	0.778	0.525	1
SF3B1	0.20312572748769	0.282605297093347	0.778	0.544	1
IFI27L2	0.205353231281661	0.290984543021584	0.333	0.178	1
IL10RB	0.205807687573518	0.277936288367812	0.444	0.258	1
ATP5G3	0.206448969462399	0.301880099323749	0.778	0.483	1
DRAP1	0.207343634465748	-0.365784735969769	0.111	0.296	1
ETS2	0.210165626677451	-0.394218921884055	0.111	0.29	1
RPL36AL	0.21430669317623	0.282192187697422	0.889	0.638	1
PSMA4	0.216498263356398	-0.402632540628118	0.222	0.39	1
RBM3	0.218114889940197	0.304058070407466	0.778	0.522	1
HNRNPA3	0.219599551434095	0.264109200060087	0.667	0.46	1
SRSF10	0.22003108217127	0.259188174591356	0.444	0.256	1
TNFSF13	0.220868211879262	0.252220164644158	0.444	0.259	1
ITSN2	0.221533926863954	-0.379022684721595	0.111	0.29	1
NDUFB3	0.221711105843139	0.277073330160431	0.333	0.181	1
COX7A2	0.221942376187286	0.281836272840922	0.889	0.528	1
ANP32A	0.223268968226623	0.292175269055492	0.556	0.345	1
SEPT6	0.226506006762606	-0.398279663217775	0.222	0.368	1
COX6A1	0.228132996422434	0.26694732475603	0.778	0.576	1
EIF5B	0.229397048209747	0.252852761614457	0.444	0.256	1
COX5B	0.229702476266456	0.261753962536735	0.667	0.482	1
SMIM26	0.229814566544147	-0.377855494729108	0.111	0.266	1
HADHA	0.229893776111488	-0.311162907885336	0.444	0.529	1
LAPTM4A	0.230361840808949	0.291425966738827	0.444	0.267	1
ACAP2	0.230944940876274	0.271256583504218	0.556	0.341	1
NDUFA11	0.237399383532832	0.278308103765825	0.778	0.476	1
ITGB2	0.237671294469143	0.27406858902816	0.778	0.506	1
ELOC	0.238624637507304	0.252481774386901	0.333	0.186	1
TOP2B	0.2398704462488	-0.400379031623752	0.111	0.257	1
SEC62	0.24163301474051	0.293323202614298	0.444	0.273	1
PPIP5K2	0.246580812795387	-0.378647459590198	0.111	0.257	1
FOS	0.246642302152454	0.264780510560387	0.667	0.507	1
SP100	0.248102146446091	-0.430105069672495	0.222	0.339	1
SNRPD2	0.25021812813725	0.263719826011694	0.889	0.637	1
VSIR	0.251116550030006	-0.400859658336097	0.222	0.352	1
PIM1	0.25404236456077	-0.356526105341831	0.111	0.265	1
PPIB	0.254087578605769	0.269423929004391	0.444	0.291	1
CKLF	0.25549093014021	-0.339096523131663	0.222	0.391	1
PPA2	0.256018335133052	0.251963276511206	0.333	0.19	1
ATP5C1	0.256318087826791	-0.332759033347961	0.222	0.371	1
LAMTOR5	0.256560253986671	-0.358938200995309	0.111	0.254	1
SAT1	0.257556591304466	-0.412103877295035	0.222	0.356	1
C14orf2	0.258130326070911	0.255415532569772	0.667	0.431	1
GNPTAB	0.261335166131783	-0.368440645705921	0.111	0.252	1
POMP	0.262349628318405	-0.352367304256444	0.111	0.252	1
PNRC1	0.262923154937996	-0.369447721953969	0.222	0.372	1
GSN	0.264076920189064	-0.337516560090915	0.111	0.258	1
IMPDH2	0.264288466489471	0.275380335529865	0.333	0.21	1
CD44	0.266272241696753	-0.321507515963882	0.444	0.501	1
LSM5	0.267306164240772	0.337217716280475	0.333	0.231	1
RPSAP9	0.268407303374321	-0.303746600465529	0.222	0.428	1
TMPO	0.269071577487644	0.279878283179758	0.444	0.305	1
PSMC3	0.27050311188681	0.264245747622298	0.333	0.185	1
SNX3	0.275729689653002	0.264615855977462	0.444	0.272	1
IFNAR1	0.280305810947834	0.263837027365129	0.333	0.201	1
HLA-DRB5	0.280656049460431	-0.280428824552988	0.444	0.579	1
BAZ1A	0.281915023206285	0.284214784162064	0.333	0.214	1
H2AFV	0.28206614926156	0.342825513350885	0.444	0.298	1
GADD45GIP1	0.284056864333622	-0.294881566082005	0.111	0.275	1
LRRFIP1	0.285023197729403	-0.311998896793916	0.333	0.513	1
DDIT4	0.28650098368061	-0.334954993486165	0.111	0.262	1
SH3BGRL3	0.287303038659572	0.267232089146514	0.889	0.615	1
GOLGB1	0.287346179152084	-0.327465993098866	0.111	0.254	1
EIF4H	0.288209344009053	0.250551791915199	0.444	0.304	1
LUC7L3	0.291568169767568	-0.292790374388137	0.333	0.483	1
CSNK1A1	0.292675942403639	-0.33882473959326	0.222	0.356	1
METTL7A	0.292969916177021	0.300845746971403	0.444	0.331	1
NOP53	0.294319984101379	-0.261756573941948	0.444	0.533	1
LST1	0.295912329362724	-0.299085833982426	0.444	0.556	1
KMT2A	0.296325850850084	-0.347904322431235	0.333	0.423	1
UFM1	0.300204647499451	0.282539272457352	0.333	0.22	1
UHMK1	0.301237626770227	-0.31102307009667	0.111	0.253	1
TAPBP	0.301350555562347	-0.348571687151067	0.333	0.454	1
DSE	0.302938015633169	0.26548312461724	0.889	0.608	1
SELENOF	0.31058462059654	-0.360090059096968	0.333	0.394	1
KMT2C	0.320224107612465	-0.274960913957569	0.111	0.263	1
ARGLU1	0.326375279971838	-0.279360970070048	0.444	0.541	1
AKAP13	0.330337347421445	-0.277476471971716	0.111	0.253	1
PSMB10	0.330664348609054	-0.275046139075527	0.222	0.37	1
FTH1P3	0.333325219640256	-0.269086706690907	0.444	0.484	1
SCAF11	0.343597577920792	-0.268065694085143	0.333	0.466	1
SPN	0.349067619673312	-0.290568774519413	0.333	0.472	1
ATRX	0.359304464116072	-0.309979287409195	0.222	0.339	1
N4BP2L2	0.368454007580891	-0.284242975680082	0.222	0.33	1
LY86	0.368516483716464	-0.262397382496828	0.222	0.355	1
ADD3	0.368597111146479	-0.314209074615984	0.222	0.338	1
MACF1	0.369357135995003	-0.285619547721324	0.333	0.398	1
USP15	0.38211209434104	-0.374317979594386	0.222	0.297	1
BCL11A	0.390766430227967	-0.30080973439931	0.222	0.31	1
TMEM59	0.396733403641944	-0.278081519376721	0.222	0.335	1
HSH2D	0.404460811032308	-0.278039348804414	0.222	0.31	1
RAB31	0.412288589936414	-0.315009109966923	0.222	0.301	1
NACA2	0.42169584671815	-0.253095178076828	0.333	0.407	1
KIF5B	0.423183716738658	-0.279571442786924	0.222	0.314	1
OCIAD1	0.441008813230078	-0.250125950935959	0.222	0.307	1
SH3GLB1	0.458845332478821	-0.318838261120822	0.222	0.278	1
SETX	0.475563115550915	-0.251844281899098	0.222	0.294	1
MIS18BP1	0.476738492411515	-0.253600759359483	0.222	0.311	1
HNRNPUL1	0.507655092139561	-0.289377277980864	0.222	0.267	1
NIPBL	0.511075304186846	-0.254770858868157	0.333	0.359	1
SF3B6	0.531350403731613	-0.267701872936571	0.222	0.263	1
CREG1	0.545542036115912	-0.25099208791296	0.333	0.341	1
SPTLC2	0.562632480823607	-0.263426607645844	0.333	0.335	1
