Genes	p_val	avg_log2FC	pct.1	pct.2	p_val_adj
PRO1804	2.30838303601343e-105	0.639812131954	0.25	0	6.44015783217386e-101
AKR1C2	1.7730894536483e-53	0.655517882451132	0.25	0.001	4.94674226673338e-49
LOC100996437	1.7730894536483e-53	0.590712100750163	0.25	0.001	4.94674226673338e-49
DPP9-AS1	2.00969476748293e-53	0.590409002445512	0.25	0.001	5.60684743180062e-49
IRF2BP1	1.54827330057512e-24	0.63632683001752	0.25	0.002	4.31952768127452e-20
RAB15	1.54827330057512e-24	0.65286281989186	0.25	0.002	4.31952768127452e-20
DNM1	1.63709387035075e-24	0.635649791614791	0.25	0.002	4.56732818889155e-20
PLCB4	2.5659578852474e-20	0.634792874600205	0.25	0.003	7.15876590405173e-16
HECW2	9.45850252151267e-19	0.79121561598796	0.25	0.003	2.63882761847682e-14
EFNA3	1.02854781806246e-18	0.586322734292504	0.25	0.003	2.86954555761247e-14
PPEF2	2.96804945959496e-16	0.610728962815285	0.25	0.003	8.28056118732399e-12
MAPK8IP1P2	3.07674294073277e-16	0.633430427537598	0.25	0.003	8.58380513035036e-12
C9orf41-AS1	3.0709245065819e-15	0.633554910912203	0.25	0.004	8.56757228091285e-11
LOXL1-AS1	3.17575780786747e-15	0.584011765946053	0.25	0.004	8.86004670816946e-11
NEURL2	2.23228761287651e-14	0.725823980503306	0.25	0.004	6.22785921116418e-10
RALGPS1	2.37741209359757e-14	0.648433353841184	0.25	0.004	6.63274199992786e-10
ZFP42	1.32594740663495e-13	0.583700680985535	0.25	0.004	3.69926066977084e-09
DPY19L2P3	1.36586681883622e-13	0.60971174196434	0.25	0.004	3.81063183787118e-09
MROH8	1.40696659873301e-13	0.610018931660956	0.25	0.004	3.92529611380521e-09
HOXA1	1.4492809921115e-13	0.608256857803965	0.25	0.004	4.04334903989187e-09
GAS2L1	1.01180071098772e-11	0.628723137279079	0.25	0.005	2.82282280358464e-07
IL12RB2	1.20685393552002e-11	0.579393780659241	0.25	0.005	3.36700179470731e-07
HIF1A-AS2	8.792545074524e-11	0.645330284030823	0.25	0.006	2.45303215034145e-06
MOSPD1	1.74066639145624e-10	1.0156242745292	0.5	0.023	4.85628516552377e-06
GFI1B	2.40789777499605e-10	0.605530852091024	0.25	0.006	6.71779400246148e-06
C19orf44	1.31111463446575e-09	0.644419437202118	0.25	0.006	3.65787871869599e-05
FMO5	4.11932676460244e-09	1.02168377252644	0.5	0.027	0.000114925097405643
TSPAN33	4.1193269598408e-09	1.00170122390424	0.5	0.027	0.000114925102852599
LOC100499484	1.02561943560908e-08	0.604439375725825	0.25	0.007	0.000286137566340578
SLC4A4	5.78060009921019e-08	0.626135011401654	0.25	0.008	0.00161272962167865
RHOF	6.37578230174802e-08	0.574250117180921	0.25	0.008	0.00177877950436468
PRDM15	9.63243054865394e-08	0.622737201392341	0.25	0.008	0.00268735179876896
RBM26-AS1	9.63243054865394e-08	0.622738792821475	0.25	0.008	0.00268735179876896
F2RL2	1.46399065954069e-07	0.760373103281581	0.25	0.008	0.00408438754105258
GATS	1.81474271977516e-07	0.57085147320141	0.25	0.008	0.00506295071390071
ZNF559	2.26631354369258e-07	0.954770283044753	0.5	0.034	0.00632278815554792
B4GAT1	3.43784719190659e-07	0.624066409219002	0.25	0.009	0.00959124988070019
FAM196B	3.53915455788601e-07	0.621952570261039	0.25	0.009	0.00987388730104618
TAF1L	3.64334028274434e-07	0.620504411704133	0.25	0.009	0.0101645550548284
DHCR7	5.08697890533579e-07	0.575326193337068	0.25	0.009	0.0141921624479963
MAP3K21	1.0480522900325e-06	0.762004921936135	0.25	0.01	0.0292396108396168
CLDN15	1.06218575422771e-06	0.619075206147644	0.25	0.01	0.029633920357199
LEAP2	1.09100493587111e-06	0.620355580190427	0.25	0.01	0.030437946705868
LLGL1	1.10569533306277e-06	0.622329612123203	0.25	0.01	0.0308477940971183
KLHL23	2.33894122382234e-06	0.997127181561074	0.5	0.042	0.0652541212034193
LOC101928174	2.96861172227988e-06	0.569603367401184	0.25	0.011	0.0828212984398864
ULBP3	3.63119489223964e-06	0.712681806037837	0.25	0.011	0.101306706298594
ANGPT2	3.85820014401478e-06	0.615806628736006	0.25	0.011	0.107639925817868
POMT2	6.36549087453247e-06	0.634211013337265	0.25	0.011	0.177590829908581
C19orf35	8.65800942735028e-06	0.612038977795985	0.25	0.012	0.241549805013646
LTN1	1.0334864971423e-05	1.22634751669712	0.75	0.113	0.288332397837731
RWDD2A	1.09964664668149e-05	0.630118718210265	0.25	0.012	0.306790417957668
OPRL1	1.3531537636002e-05	0.591212817413568	0.25	0.012	0.377516368506818
BCL11B	1.49158004994852e-05	0.606981143491972	0.25	0.012	0.416135918135137
ACVR2B	1.65105015503061e-05	0.615867031849083	0.25	0.012	0.460626482751989
PCYOX1L	2.11308148428687e-05	1.06468816895666	0.5	0.051	0.589528603301193
SCARNA17	3.19853230995352e-05	0.625925522285327	0.25	0.013	0.892358529153933
RFNG	3.70952162896654e-05	0.629814842689395	0.25	0.013	1
ZNF362	3.87875150421646e-05	0.979463450494083	0.5	0.054	1
SNORD57	4.4468965852698e-05	0.628425811236927	0.25	0.014	1
COX10-AS1	4.62166153805571e-05	0.566656992891374	0.25	0.014	1
C7orf31	4.66635966065961e-05	0.561893378716177	0.25	0.014	1
HIC2	4.71146749341658e-05	0.562946376250931	0.25	0.014	1
PLPPR3	5.14755013015539e-05	0.567090909228076	0.25	0.014	1
PAPD7	5.24608986120754e-05	0.611152493864406	0.25	0.014	1
TBC1D10B	5.29602749944963e-05	0.611453960667013	0.25	0.014	1
CYB5D1	5.44855693754784e-05	0.588649159334759	0.25	0.014	1
THTPA	5.55254545502083e-05	0.563676453833882	0.25	0.014	1
ZNF45	5.60524207648101e-05	0.562091787501134	0.25	0.014	1
PXN	6.16257811507437e-05	0.939668789175623	0.5	0.057	1
FAM185A	6.26832334192959e-05	0.58867165025727	0.25	0.014	1
MAPRE1	9.32091746569131e-05	1.10665671579522	0.75	0.142	1
ZBTB8A	0.000115390953281509	0.950137826677364	0.5	0.061	1
ZNF616	0.000117360331769244	0.624758508495778	0.25	0.015	1
LINC00921	0.000124700499684302	0.583084808891727	0.25	0.015	1
GCH1	0.000125783759889862	0.559884394850869	0.25	0.015	1
TOMM40	0.00013744658596535	1.03567792101777	0.5	0.063	1
HYAL3	0.000153878351897211	0.588246661696413	0.25	0.016	1
ZNF133	0.000155177223449311	0.610341888978709	0.25	0.016	1
ZNF593	0.000157070543790121	0.923383179961576	0.5	0.063	1
PIGL	0.000161827824370627	0.558109778807452	0.25	0.016	1
AGAP5	0.000200033802302132	0.607176569029536	0.25	0.016	1
P2RX5	0.000226847978699877	0.5531569869332	0.25	0.016	1
TIGD2	0.000230375192792559	0.584713440941287	0.25	0.017	1
PPP3CA	0.000245455328846861	1.05394411030521	0.75	0.153	1
CDYL2	0.000260060055363904	0.603908832215903	0.25	0.017	1
PPP1R16A	0.000290258064782359	0.620311292629936	0.25	0.017	1
LOC401261	0.000350147888451799	0.759173459758703	0.25	0.018	1
C14orf37	0.000358192054053508	0.606478094735347	0.25	0.018	1
NBPF25P	0.000358192054053508	0.582973480990462	0.25	0.018	1
DDX1	0.000383995354269937	1.07179887735053	0.75	0.175	1
CCDC71	0.000393199079003932	0.722948534249454	0.25	0.018	1
KNTC1	0.000406168385284402	0.951970505610597	0.5	0.072	1
ACP6	0.00041118641518644	0.583804236266937	0.25	0.018	1
RAD54B	0.000480555821910934	0.762347021494457	0.25	0.018	1
FASN	0.000509253931554667	0.556198083738872	0.25	0.018	1
RPL23AP53	0.000542546396908091	0.603962666951101	0.25	0.019	1
SCAPER	0.000552895295707763	0.938620254925097	0.5	0.075	1
MT-ND3	0.000614987083840767	0.86410591400837	1	0.755	1
LINC00641	0.000619209649450362	0.599492356595983	0.25	0.019	1
MITF	0.000670785253771335	0.616893351740021	0.25	0.019	1
CDK6	0.000684045664613205	1.05382616566069	1	0.48	1
ZNF528	0.000720182035685328	0.615512848688581	0.25	0.019	1
CEBPZOS	0.000740661151075883	1.00748855833406	0.75	0.185	1
C9orf66	0.000771799295463151	0.756832667417399	0.25	0.02	1
TBL3	0.000814854796879072	0.553191331105464	0.25	0.02	1
E2F7	0.000859593082773778	0.620044230782902	0.25	0.02	1
POLE2	0.000871189044248176	0.604911189337663	0.25	0.02	1
CRTC3	0.000901648029779747	0.545970389568392	0.25	0.02	1
ALCAM	0.00101584975280973	1.00741782032373	0.75	0.199	1
PI4K2B	0.00108890658134338	0.615784813654865	0.25	0.021	1
DCAF7	0.00115131310531245	1.07654040449438	0.75	0.215	1
ANKAR	0.0011863509644001	0.713676848627207	0.25	0.021	1
CDS2	0.00123040791780712	0.907975776825707	0.5	0.084	1
PAICS	0.00125997943216629	0.983972863434974	0.75	0.207	1
FURIN	0.00126571727348949	0.749455568875588	0.25	0.021	1
FCHO1	0.00128990609919773	0.595871194376139	0.25	0.021	1
CPEB2	0.00128990612400823	0.610720346580585	0.25	0.021	1
PXN-AS1	0.00130626829703607	0.612729880003271	0.25	0.021	1
GGCX	0.00131109663809585	0.907670028257021	0.5	0.083	1
RYK	0.00131341940289609	0.545824663736167	0.25	0.021	1
CSNK1A1L	0.00133117097898137	0.549865569765564	0.25	0.021	1
FBXW2	0.00133872039094634	0.870120869129792	0.5	0.084	1
FAM69B	0.00136505609807368	0.547332871059496	0.25	0.021	1
IGLL1	0.00138651784598419	0.979974037741187	0.5	0.085	1
HSPD1	0.00141821369514271	0.944324459623633	1	0.494	1
GNA12	0.00147923892889027	0.732110889542713	0.25	0.022	1
HIST1H2BH	0.00147923892889027	0.618498708364407	0.25	0.022	1
CEP135	0.00152119798628329	0.88476698710455	0.5	0.086	1
CCNK	0.00153931015634609	0.888248772767045	0.5	0.087	1
LOC101927284	0.00154436723786616	0.546742315819956	0.25	0.022	1
MAP9	0.00154436723786616	0.592705819079782	0.25	0.022	1
ZNF23	0.00154436723786616	0.594224853231964	0.25	0.022	1
TRIB1	0.00155388392123618	0.571311168569178	0.25	0.022	1
ZBTB25	0.00161938061561377	0.61290140274726	0.25	0.022	1
FOSL2	0.00177981633400718	0.594256457088471	0.25	0.022	1
TANC2	0.00179053557108539	0.592097809083729	0.25	0.022	1
FANCB	0.00199108133157099	0.610837882874327	0.25	0.023	1
PRKACB	0.00209407898918415	0.961556124171805	0.75	0.215	1
SLC37A4	0.00211436425138396	0.599146391203342	0.25	0.023	1
INTS11	0.00211927623233123	0.893742621992502	0.5	0.092	1
DNAH14	0.00213912261060743	0.594671487841449	0.25	0.023	1
SKA1	0.00225535470364224	0.614959621881438	0.25	0.023	1
PSME3	0.00234189127299761	0.879833408925185	0.5	0.093	1
LOC202181	0.00237522503486896	0.608658687244904	0.25	0.024	1
NAPG	0.00265149091570782	0.879411115004071	0.5	0.095	1
TROAP	0.00267033383408628	0.75698216302773	0.25	0.024	1
NRIP1	0.00268921803631406	0.931932101937553	0.5	0.094	1
REXO2	0.00282469233363346	0.870107264033658	0.5	0.096	1
H2AFX	0.0030290628980074	0.876190239626538	0.5	0.098	1
ZNF765	0.00307077803209705	0.60436430414657	0.25	0.025	1
GTF2H1	0.00316619046473929	0.852060836654077	0.5	0.098	1
TRIP13	0.0033824579014105	0.612515217606182	0.25	0.025	1
MT1F	0.00341891372998309	0.610350521233717	0.25	0.025	1
POLD3	0.00342182703016574	0.894799879417504	0.5	0.101	1
MBLAC2	0.00374778528090467	0.567095602876895	0.25	0.025	1
MIB1	0.00385279140305264	1.00410148815251	0.5	0.104	1
CDK5RAP2	0.00386424705294481	0.858941462694685	0.5	0.101	1
SEC24A	0.00425272604144873	0.562787720306723	0.25	0.026	1
CCDC15	0.00429572052391843	0.592268276388189	0.25	0.026	1
VWA5A	0.00431787214660884	0.583213089538665	0.25	0.026	1
NIF3L1	0.00438494982554947	0.566970142554555	0.25	0.026	1
ZBTB14	0.00440472165566392	0.742050474852806	0.25	0.027	1
PEX16	0.00440751807388084	0.538598352501526	0.25	0.026	1
MYO5C	0.00449555816221934	0.588771996446254	0.25	0.027	1
CCDC66	0.00451389674891072	0.849166351418176	0.5	0.103	1
PTDSS1	0.00452216806172516	0.884538445885814	0.5	0.106	1
CCDC122	0.0046349976764496	0.5651006554184	0.25	0.027	1
PSMD11	0.00468242395247933	0.979773845232436	0.5	0.108	1
MT-COX2	0.00478583608513732	0.590444506813516	1	0.875	1
IL6R	0.00504714126442751	0.87795518162395	0.75	0.248	1
HYI	0.00507631970071782	0.681638227681586	0.25	0.027	1
SOCS6	0.00512055777838848	0.533429974482423	0.25	0.027	1
TMSB4X	0.00524888561771478	-0.959590841201562	0.5	0.974	1
LOC101926943	0.00536075508749693	0.563141381944905	0.25	0.027	1
ZSWIM4	0.00542762271759246	0.599595334949793	0.25	0.028	1
FAM96B	0.00547354616371385	0.937007416276095	0.75	0.279	1
CREBZF	0.00553976874100794	0.94346607538116	0.5	0.11	1
ZNF577	0.00579606728485206	0.581052055023288	0.25	0.028	1
RAI1	0.00585266237560433	0.557929477166225	0.25	0.028	1
NDST1	0.00600603845587376	0.582202027053615	0.25	0.028	1
LOC100130872	0.0061135540138397	0.533605133700956	0.25	0.028	1
EFNA5	0.00624951284860881	0.582083518006934	0.25	0.028	1
TMSB10	0.00632472459163802	-0.603515558592046	0.75	0.974	1
STMN1	0.006379278303885	0.857243155069914	1	0.361	1
RFXAP	0.00652924769572955	0.583618696741174	0.25	0.029	1
PARP1	0.00655031314989713	0.914844181785552	0.75	0.282	1
SSBP3	0.00660702476033073	0.600868788339994	0.25	0.029	1
LINC00623	0.00665409002718705	0.595571165253392	0.25	0.029	1
COBLL1	0.00680869985811372	0.529634421190901	0.25	0.028	1
LOC440434	0.00681637241088556	0.58348072721573	0.25	0.029	1
TCF7L2	0.00697953013255212	0.713310271784224	0.25	0.029	1
BOP1	0.0070109751518675	0.536242350339825	0.25	0.029	1
FGF23	0.00724450872649866	0.579031604284286	0.25	0.029	1
DKFZP586I1420	0.00731214840258129	0.576361213616959	0.25	0.029	1
HCP5	0.00744718943024711	0.591109816598031	0.25	0.029	1
REV1	0.00765479191484173	0.830749472534967	0.5	0.117	1
POP1	0.00772678335662168	0.558127594275624	0.25	0.029	1
WDR20	0.0082693211972312	0.528781306825233	0.25	0.03	1
U2SURP	0.00832172303727537	0.873703948839514	0.75	0.311	1
CAPN12	0.00837380028967852	0.554453780219635	0.25	0.03	1
POLR3B	0.0084013263527329	0.560144916834303	0.25	0.03	1
GLRX3	0.00848029480755115	0.839855939896344	0.5	0.119	1
DECR2	0.00857302315581207	0.580217978451578	0.25	0.03	1
SLC25A17	0.00863094856338556	0.558760570430627	0.25	0.03	1
MKL2	0.00869546323875717	0.595671036720532	0.25	0.03	1
RPL36A	0.0087236732440215	-0.812656863128133	0.5	0.947	1
GZMA	0.0087658973543024	0.498313713473746	0.25	0.028	1
PRKCH	0.00878713039017191	0.585164064132531	0.25	0.03	1
TRAF3IP2-AS1	0.0088126532601827	0.5765619885179	0.25	0.03	1
MT-ND2	0.00890215605258608	0.418149691063348	1	0.937	1
PUS3	0.00927779533513765	0.573259795273032	0.25	0.031	1
TCTN1	0.00952598870416219	0.69670288857681	0.25	0.031	1
RFX3	0.00980202577013174	0.571707198496529	0.25	0.031	1
SERPINB6	0.00995562972381733	0.788773396753536	0.5	0.121	1
HIST1H2BC	0.00997479885499747	0.531568158525571	0.25	0.031	1
PHF1	0.00999815214406111	0.523663807439275	0.25	0.031	1
ERO1A	0.0100667146663149	0.913375143202956	0.5	0.126	1
CCDC77	0.0101417027039312	0.593876873969818	0.25	0.032	1
PANK3	0.0104526280143977	0.574026581973868	0.25	0.032	1
KMT2B	0.0109115172072201	0.520793851540409	0.25	0.032	1
PNPLA4	0.0110656513084368	0.528179491357384	0.25	0.032	1
GTF2E1	0.0111812658555248	0.591593195620842	0.25	0.032	1
ZNF566	0.011410707741877	0.54841136449262	0.25	0.032	1
SEC22A	0.0114271244019164	0.691635393153903	0.25	0.033	1
HLA-E	0.0115157002912995	-1.38772079699827	0	0.722	1
GSTP1	0.0120775880700886	-1.38679271171352	0	0.717	1
ABHD5	0.0121556569051577	0.51974177906437	0.25	0.032	1
SWSAP1	0.012221117861957	0.587414900543041	0.25	0.033	1
COMMD2	0.0122827562510632	0.77586728672103	0.5	0.125	1
ASB7	0.01236721012163	0.522228000029638	0.25	0.032	1
EMC3-AS1	0.0124264978419889	0.591240590948566	0.25	0.033	1
IWS1	0.0124386966556638	0.976681193130628	0.5	0.135	1
SCRN1	0.0128875477146093	0.919539703665951	0.5	0.133	1
EXOG	0.0128956259292604	0.554006772950851	0.25	0.033	1
ULK2	0.0129951834930696	0.722172902426538	0.25	0.034	1
ZNF704	0.0129993070757588	0.576209403708231	0.25	0.033	1
NOSIP	0.0130196091568173	0.906243540535017	0.5	0.134	1
CYTOR	0.0130379248740993	0.940706979523872	0.5	0.136	1
NDUFAF1	0.0131014554640219	0.706650308258387	0.25	0.034	1
BTRC	0.0131596519607527	0.570349297150073	0.25	0.033	1
ZNF609	0.0131711807555642	0.798530665469572	0.5	0.131	1
MT-COX1	0.0132747849813767	0.457748929830512	1	0.934	1
SLC24A1	0.01332174365141	0.548444330057567	0.25	0.033	1
ENOSF1	0.013495823152745	0.817082401123649	0.5	0.134	1
NPEPL1	0.0135892482801583	0.547486536456053	0.25	0.034	1
SUMF1	0.0137466497536431	0.549090868281032	0.25	0.034	1
LTBP3	0.0137553746549359	0.565942445330059	0.25	0.034	1
ITM2A	0.0144611367125949	0.910744848588833	0.5	0.138	1
CD74	0.014505337786116	-0.810924746785909	0.5	0.913	1
INTS1	0.0146450841668912	0.568767756529131	0.25	0.034	1
ATAD2	0.014749634281897	0.804549954406255	0.5	0.133	1
ZBTB1	0.0148621920120916	0.788537021009036	0.5	0.132	1
UBAP2L	0.0148621921213232	0.78354121219424	0.5	0.132	1
STRN4	0.0152613239901741	0.570711378764072	0.25	0.035	1
MT-ND5	0.0153610834565798	0.612939835730643	1	0.766	1
LIN54	0.0155416307334566	0.572437685671143	0.25	0.035	1
NUTM2A-AS1	0.015687319351133	0.521591603128962	0.25	0.035	1
ANXA1	0.0157000234011429	-1.37297924236913	0	0.687	1
LGALS1	0.0160961874786711	-1.41906724256881	0	0.684	1
LINC00294	0.01612374056806	0.541177779903454	0.25	0.035	1
CDC7	0.0162593760523506	0.569604178927042	0.25	0.035	1
KPNB1	0.0163477119628633	0.839169465095643	0.75	0.346	1
CXXC5	0.0168448976823964	0.765023138795414	0.5	0.133	1
INTS12	0.0170949329837521	0.570726632553515	0.25	0.036	1
NIFK-AS1	0.0175457234869772	0.742513915998365	0.25	0.036	1
C11orf49	0.0175864287440409	0.547903463472304	0.25	0.036	1
GFI1	0.0175864287440409	0.572446417383797	0.25	0.036	1
IFIT3	0.0177691102506377	0.509522993558984	0.25	0.035	1
SNHG25	0.0178494809461485	0.786165940170043	0.5	0.143	1
C1orf50	0.0179918515363333	0.51924121627725	0.25	0.036	1
HTRA2	0.0180168870228355	0.582499083499704	0.25	0.036	1
SMC2	0.0180895237386065	0.770146824818117	0.5	0.14	1
SLC35B3	0.0182450017815852	0.578926807938881	0.25	0.036	1
S100A6	0.0183644601604427	-1.33465726541343	0	0.669	1
SELENOI	0.0183826749676618	0.585058048997189	0.25	0.036	1
TRIM44	0.0186982054039652	0.775337597904293	0.5	0.142	1
IPO5P1	0.0188717170022285	0.564559554061852	0.25	0.036	1
CST3	0.0191484621767711	-1.29398127794651	0	0.664	1
VAMP8	0.0194016622081292	-1.27614915643703	0	0.662	1
POLR1C	0.0196237305860095	0.585131983362791	0.25	0.037	1
AMPD2	0.0196237307090487	0.564855211853209	0.25	0.037	1
MMS22L	0.0196379596270172	0.587011491046285	0.25	0.037	1
PARPBP	0.0198562926597341	0.56970182991568	0.25	0.037	1
NOTCH2NL	0.0203647783163477	0.739606045327338	0.5	0.137	1
ERO1B	0.0204988251300858	0.513360788316809	0.25	0.037	1
SPIRE1	0.0205240561277327	0.562881216860435	0.25	0.037	1
BBIP1	0.0206173188214087	0.716845585848635	0.25	0.038	1
ALMS1	0.0207270294901398	0.511386439736838	0.25	0.037	1
DPAGT1	0.020760294356694	0.544178177558206	0.25	0.038	1
PRR34-AS1	0.0209123200367276	0.562225694198054	0.25	0.038	1
HNRNPA3	0.0210461255357113	0.76578285143296	0.75	0.46	1
DPP9	0.0212113203958311	0.514885620056275	0.25	0.037	1
ZSCAN25	0.0212255254532172	0.540917489834011	0.25	0.038	1
SERTAD2	0.0213027140667333	0.765559221556748	0.5	0.144	1
COMMD6	0.021343400265809	-1.2229956659507	0	0.651	1
DDX17	0.0213434002878356	-1.22862272306536	0	0.651	1
TPRA1	0.021696375769179	0.704871649492676	0.25	0.038	1
JRKL	0.0226496583096102	0.559674287567264	0.25	0.038	1
HLA-F-AS1	0.0233052190822734	0.535392209977325	0.25	0.038	1
RPL36AL	0.0233912112138659	-1.19231827562809	0	0.639	1
RAB37	0.0234155776024739	0.729258030549364	0.5	0.144	1
GPATCH1	0.0237073949045988	0.560777799591804	0.25	0.039	1
LDHB	0.0242339115587484	0.771255331270669	0.75	0.426	1
CMC1	0.0247118882514185	0.74340406385254	0.5	0.146	1
PDGFC	0.0250031463466493	0.557194145401327	0.25	0.039	1
MAST4	0.0250944981265437	0.680799874786766	0.25	0.04	1
ZFP57	0.0252897850836863	0.576781993187173	0.25	0.04	1
KLHL15	0.0254159240032536	0.536500431260979	0.25	0.039	1
CNOT11	0.0261119815032982	0.509804648005198	0.25	0.039	1
GPI	0.0261480060294296	0.747044342486862	0.5	0.152	1
ITPK1	0.0268828072832478	0.532966624157829	0.25	0.04	1
GEMIN2	0.0269750407736166	0.536941577502728	0.25	0.04	1
MIOS	0.0274088776464324	0.535128346632145	0.25	0.04	1
SLC12A2	0.0276560562663318	0.554117686816297	0.25	0.04	1
BTN3A3	0.0278791121852287	0.53374734074776	0.25	0.04	1
SH3BGRL3	0.0280220494383914	-1.17250310550287	0	0.616	1
CFD	0.0283091030544131	-1.35260228552922	0	0.615	1
SNX15	0.0292040457690551	0.528866210352194	0.25	0.041	1
ECHS1	0.0297727379960354	0.764471240570218	0.5	0.163	1
FAM122A	0.0298952861523351	0.533645195137193	0.25	0.041	1
CYP7B1	0.0299946678229372	0.506674348737896	0.25	0.041	1
COX4I1	0.0300493699668044	0.519059613143414	1	0.721	1
EIF4EBP2	0.0302350037378985	0.75382876942066	0.5	0.161	1
HIF1AN	0.0303460541105455	0.531559060793656	0.25	0.041	1
NOD1	0.0307510172131208	0.524897141573408	0.25	0.041	1
ECSIT	0.0309455966226076	0.532396119462457	0.25	0.042	1
PTS	0.0310474962019092	0.534438368733193	0.25	0.042	1
PPP5C	0.0318505357139478	0.561079417629459	0.25	0.042	1
IFITM1	0.0320797020312747	0.692451772175084	0.5	0.141	1
MT-ATP8	0.0323881764517909	0.683382547582196	0.75	0.369	1
TMEM161B	0.0325145263172723	0.551542924160253	0.25	0.043	1
GNAI3	0.032822072435259	0.761564838495094	0.5	0.165	1
PRPF40A	0.0329043732184728	0.665010433128194	0.75	0.383	1
EIF4A2	0.0329054813812349	-1.11659240887702	0	0.595	1
UQCR11	0.0330357386967142	-1.1080173763687	0	0.595	1
TM7SF3	0.0336872646192794	0.739394522463364	0.5	0.166	1
ANKRD54	0.0336984247504576	0.531708428905138	0.25	0.043	1
LINC00674	0.0339328623681435	0.734598786932487	0.5	0.164	1
MT-ND6	0.0348041772133873	0.73640577271703	0.75	0.533	1
ELMOD2	0.0348474020086164	0.528486252102906	0.25	0.043	1
DNAJC5	0.0349196187524781	0.687034321476572	0.25	0.044	1
NDC1	0.035140700182238	0.55862610552928	0.25	0.044	1
UPF2	0.0355852624860881	0.738281990091624	0.5	0.168	1
ATP2B1-AS1	0.0357170995965487	0.660967358598993	0.25	0.044	1
CD36	0.0362872488306282	-1.26513016118426	0	0.582	1
IPO5	0.0364265412785469	0.827959839112385	0.5	0.174	1
TAF6	0.0369527396602862	0.504598681473075	0.25	0.044	1
DHFR	0.0369807356139678	0.738471220957287	0.5	0.166	1
ANKRD11	0.0370675655454563	0.703997445771403	0.5	0.161	1
LOC100507642	0.0370969566010215	0.548921901322726	0.25	0.044	1
CDC42P3	0.0375490339803499	0.504486205333091	0.25	0.044	1
BICRAL	0.0376193503204226	0.494963334507949	0.25	0.043	1
COX6A1	0.0377148282992412	-1.08117429763373	0	0.577	1
SERBP1	0.0377873591703897	-1.10410169866462	0	0.577	1
PGAP2	0.0378046323357146	0.563245180908282	0.25	0.045	1
CYP20A1	0.0378764817446273	0.742811886148031	0.5	0.17	1
IQGAP3	0.0383995586186335	0.559292070185505	0.25	0.045	1
HIF1A	0.0385372263182412	0.857711247056777	0.5	0.18	1
PSAP	0.0385925046152686	-1.14105641384658	0	0.574	1
PRIM1	0.038809799894843	0.70330478763546	0.5	0.168	1
KPNA5	0.038863061180512	0.542211885028957	0.25	0.044	1
EYA3	0.0388748432733658	0.545486026743074	0.25	0.045	1
SHOC2	0.0391988193786978	0.715242614627832	0.5	0.169	1
PDCD5	0.0392034698917681	0.738059126009243	0.5	0.177	1
HDDC2	0.0394759684650844	0.543099763629346	0.25	0.045	1
GPX1	0.039704668328137	-0.951881780046855	0.25	0.844	1
CD55	0.0400955470170097	0.694497708583722	0.5	0.163	1
LDLRAP1	0.0408141613416662	0.547193168878793	0.25	0.046	1
TTC32	0.0409483618343628	0.523081577619176	0.25	0.045	1
TNFSF8	0.0413177905322678	0.549338108598112	0.25	0.045	1
COX10	0.0419545344675544	0.494764367667771	0.25	0.045	1
HECTD4	0.0420534437777381	0.545697402368797	0.25	0.046	1
MFGE8	0.0424196403281785	0.508645812270726	0.25	0.046	1
MAPK8	0.0426888764824077	0.521419042102863	0.25	0.046	1
EDC4	0.0428016929558184	0.542911547083441	0.25	0.046	1
RIF1	0.0428400839745429	0.884936738822296	0.5	0.183	1
CALR	0.0430649091414504	-1.11600528192441	0	0.559	1
ANKRD39	0.0430740191468375	0.520778017923682	0.25	0.046	1
SAMHD1	0.043306877863431	-1.17341407866922	0	0.558	1
WDHD1	0.0435115501490494	0.569387369179253	0.25	0.047	1
ALG3	0.0436633710701317	0.528189964846954	0.25	0.047	1
CEP89	0.0436847722860182	0.542920130263821	0.25	0.046	1
RPL21	0.0437417803667325	-0.422823262324313	0.75	0.968	1
APLP2	0.0441211685963644	-1.09320602361	0	0.555	1
LCP1	0.0442363026648996	-0.866024180476296	0.25	0.765	1
RPLP0P2	0.0447610038923358	0.502287332936785	1	0.65	1
FOXO3	0.0447742653801908	0.540144901213203	0.25	0.047	1
CCDC171	0.0449167863465936	0.546660421956937	0.25	0.047	1
CSDE1	0.046808025465987	-1.03269983591061	0	0.547	1
SET	0.0468080264239859	-1.04755550500947	0	0.547	1
PIGM	0.0468142826377083	0.680087887822937	0.25	0.048	1
MT-ND1	0.0468831903717841	0.640932947156121	0.75	0.645	1
MT-ATP6	0.0479472621824167	0.449949852791153	1	0.775	1
CTSS	0.0482866589054366	-1.14353872763109	0	0.542	1
ABCD3	0.0484151743927591	0.542670964682882	0.25	0.048	1
HLA-DRA	0.0486086146639171	-0.675962921988273	0.5	0.821	1
ZFAS1	0.0489820586616977	-0.857024967952233	0.25	0.764	1
WHAMMP3	0.0491645748947702	0.711282113717587	0.5	0.189	1
LOC100288798	0.0496373871749441	0.491144217828157	0.25	0.048	1
TOMM7	0.0497114613112159	-0.999954808314611	0	0.538	1
RPL13AP6	0.0502541514350403	-0.995028010974937	0	0.537	1
PELP1	0.0504227431391436	0.544990504944232	0.25	0.049	1
SLC29A1	0.0505064279017716	0.552633214768942	0.25	0.049	1
ATP23	0.0511612127951828	0.562680874758984	0.25	0.049	1
TAPT1	0.0512866007013681	0.539691227523643	0.25	0.049	1
DRAM1	0.051286601061124	0.516184212612467	0.25	0.049	1
PSMA7	0.0513534069812076	-1.0117109270888	0	0.533	1
NUCB2	0.0514695266749159	0.685157781467492	0.75	0.408	1
DDX59	0.0518693622573635	0.51636951671697	0.25	0.049	1
SPC24	0.052254957393321	0.547959653162214	0.25	0.05	1
BCL2L12	0.0528435066476395	0.541729035700852	0.25	0.05	1
YBX1	0.0531902619717095	-0.606931336169773	0.5	0.839	1
EIF3L	0.0538953009363496	-0.991664074990169	0	0.526	1
IQGAP1	0.0538953017792491	-1.03561414376055	0	0.526	1
SFR1	0.0543139784439534	0.659642233221387	0.25	0.051	1
LYZ	0.0543765855291379	-1.36659476354332	0	0.525	1
CHKA	0.0546380221101305	0.511036087208182	0.25	0.05	1
F2R	0.0547136517790151	0.484126364716995	0.25	0.049	1
ZNF789	0.0547805185095837	0.536875354708976	0.25	0.05	1
NAB1	0.0549787299755175	0.673350267290936	0.25	0.051	1
ORC2	0.054999897206913	0.536828413315233	0.25	0.05	1
AES	0.0551739850263404	0.66793844980161	0.5	0.184	1
WDR34	0.0552807163122989	0.563644208498923	0.25	0.051	1
TSPO	0.0557419708300076	-1.00846472562036	0	0.521	1
NABP2	0.0560684953561327	0.517985682243908	0.25	0.05	1
LOC339803	0.0562096338643766	0.536672491523223	0.25	0.051	1
MLH3	0.0570254517198167	0.533866317485185	0.25	0.051	1
HIST1H2BD	0.0570824348092289	0.626185096420101	0.25	0.051	1
LILRB2	0.0572686606932006	0.497415920076863	0.25	0.05	1
POLQ	0.0574918170083235	0.542867245762221	0.25	0.051	1
COPG2	0.057703967555437	0.555927587808551	0.25	0.051	1
TMEM128	0.05771886759912	0.486291097737625	0.25	0.05	1
GNL3L	0.0580864049864434	0.745753400042977	0.5	0.196	1
FANCM	0.0581185660704783	0.552352945082406	0.25	0.051	1
FUBP3	0.0581185662561051	0.53783810640078	0.25	0.051	1
EWSR1	0.0590194367297624	0.679762345031134	0.5	0.198	1
CHD1	0.0595065293830445	0.660676187417308	0.5	0.187	1
GABPB1	0.0597939055482022	0.688413317525155	0.25	0.053	1
CDC23	0.0599533222922362	0.658587376252445	0.25	0.053	1
DGCR8	0.0603441223935533	0.548562005661688	0.25	0.052	1
TMOD2	0.0604085708674232	0.505409545112559	0.25	0.051	1
LRRC57	0.0605509982996575	0.551476695037969	0.25	0.052	1
DUSP11	0.060620083112287	0.531127377794496	0.25	0.052	1
ITGB2	0.0613656299590414	-0.981843216340845	0	0.507	1
RPL11	0.0616457979274468	-0.364118199877727	0.75	0.991	1
CCDC34	0.0617698220319928	0.542144788633193	0.25	0.053	1
AGFG1	0.0623045856913949	0.504832373032938	0.25	0.052	1
CRIP1	0.0623261859647867	-1.08218023799986	0	0.505	1
MAU2	0.0623871633045022	0.51309611558314	0.25	0.053	1
MRS2	0.0625903203625409	0.550854685926657	0.25	0.053	1
BANF1	0.063297884485871	0.66732896739334	0.5	0.203	1
ARHGAP25	0.0633355767275088	0.665255903448805	0.5	0.191	1
IFT74	0.0635124658839784	0.48470424587205	0.25	0.052	1
ISOC2	0.0642583638695104	0.492387028813355	0.25	0.053	1
ERI1	0.0642913225991632	0.535965818264845	0.25	0.053	1
TMEM123	0.0647231477862142	-0.960841404653115	0	0.499	1
FAM98A	0.065875006862751	0.513063447085154	0.25	0.054	1
EXOSC2	0.0661122434522456	0.652077483305022	0.25	0.054	1
CDCA5	0.067156544991892	0.555812640414683	0.25	0.055	1
GMDS	0.0672951512067811	0.533941511056337	0.25	0.054	1
FKBP4	0.06742813364313	0.488098045209366	0.25	0.054	1
BABAM2	0.0678329175501041	0.52937536926749	0.25	0.054	1
PPP1CC	0.0683235464541757	0.716222488265804	0.5	0.21	1
GATA2	0.068531423348294	0.544031672647044	0.25	0.054	1
KLF6	0.0689141234794744	-1.02496869885299	0	0.489	1
ZMAT3	0.0690591732821844	0.520398183017278	0.25	0.054	1
ORMDL3	0.0699198785079653	0.499163557965376	0.25	0.054	1
CIT	0.0701428402416381	0.531357876957244	0.25	0.055	1
APOL3	0.0702464600911755	0.475027457455018	0.25	0.053	1
KIAA1841	0.0705490075659501	0.478896843858579	0.25	0.054	1
IRF9	0.0706783181424498	0.519195941462739	0.25	0.055	1
SKP1	0.0707898036865101	-0.922018495812276	0	0.485	1
FTH1P3	0.0707898041459983	-0.943192215406294	0	0.485	1
MGLL	0.0710371632992349	0.524474407996585	0.25	0.055	1
HNRNPA2B1	0.0712686161874191	0.457861098697036	1	0.705	1
EIF3F	0.0713839274309712	-0.900681233278841	0	0.484	1
TRA2A	0.0717053014499721	0.734601570523576	0.5	0.218	1
BUB1B	0.0719432450716279	0.487545877730935	0.25	0.055	1
SUB1	0.0723424877871997	-0.912743723296333	0	0.481	1
GABPB1-AS1	0.0724887273393505	0.523201902016641	0.25	0.055	1
AKT1	0.0728497288567696	0.526789650520636	0.25	0.056	1
SMARCD1	0.0730357941343699	0.52626317477342	0.25	0.055	1
ACSL1	0.0733922439956609	0.524798915390852	0.25	0.056	1
BACE1	0.0735754568979601	0.526260509611162	0.25	0.056	1
NDUFA11	0.0741664019814992	-0.900847733856048	0	0.478	1
PATL1	0.0744867558503133	0.538464142645211	0.25	0.056	1
CD63	0.0746586851625504	-0.907457762774168	0	0.477	1
PLEK	0.0746586856030971	-0.92312142733111	0	0.477	1
FAM217B	0.0746916900394842	0.520034892210974	0.25	0.056	1
RSL24D1	0.0750295400857714	-0.901790065400926	0	0.476	1
HDAC7	0.0752153457029079	0.525447322484999	0.25	0.056	1
AMFR	0.0752153458012292	0.523589419395148	0.25	0.056	1
NEK1	0.0754390479320482	0.517523048027101	0.25	0.056	1
EPN1	0.0773019234582816	0.479165809059405	0.25	0.056	1
CEP70	0.0773530598871113	0.701208554842143	0.25	0.058	1
FBXO21	0.0780243864109628	0.530376459557828	0.25	0.057	1
ATP6AP2	0.078133203837463	0.657229341997133	0.5	0.22	1
GNB1	0.0782148653031642	0.729684911405516	0.5	0.226	1
TUBA1B	0.0786877323123095	-0.986509928486144	0	0.468	1
NUDT22	0.0787099990311589	0.536495037785043	0.25	0.057	1
HDDC3	0.0787389532784194	0.50665676789522	0.25	0.057	1
LDHA	0.0792028329614462	-0.889937026171433	0	0.467	1
TRMT6	0.0796385103113625	0.473233703719298	0.25	0.056	1
SLC25A5	0.0797205108493088	-0.893579425655347	0	0.466	1
KATNBL1P6	0.0798644252420903	0.505879281387644	0.25	0.057	1
CLMN	0.0800904327984339	0.519086351307702	0.25	0.057	1
GGNBP2	0.080980074771592	0.654030641080413	0.5	0.217	1
RUNX3	0.0818142057776139	0.469332901503438	0.25	0.056	1
KIF15	0.0818956910457096	0.527274634698896	0.25	0.058	1
GLIPR1	0.0819495817361053	-0.918441202785564	0	0.462	1
RPS7	0.0823732107707455	-0.338765262305776	0.75	0.968	1
PPP1R12B	0.0825557792483507	0.469048514808745	0.25	0.056	1
ARL8A	0.0829262169564738	0.495322609557161	0.25	0.058	1
NEIL3	0.0831837388441111	0.547275230524457	0.25	0.059	1
OS9	0.0833753871462474	0.657800133679948	0.5	0.224	1
DMAC1	0.0836530631307341	0.648100984166514	0.5	0.224	1
SVIL-AS1	0.0836777056669658	0.518115213774359	0.25	0.058	1
COX8A	0.08368606552068	-0.87610718193426	0	0.458	1
NEDD1	0.0837689512852582	0.478634559952188	0.25	0.058	1
COX7B	0.0843613733196587	-0.859902857862574	0	0.457	1
SLC39A1	0.0844703604685816	0.544139532717432	0.25	0.059	1
UBE4B	0.0848830656808864	0.494216668488555	0.25	0.058	1
TAPBP	0.0855874048648433	-0.880231692974303	0	0.454	1
TSC22D2	0.0856880123136093	0.532177192791709	0.25	0.059	1
RBM17	0.0858758274365247	0.640409980224692	0.5	0.224	1
PEF1	0.0859354379909213	0.537413162184513	0.25	0.059	1
CIRBP	0.0861366546376905	-0.86559777292241	0	0.453	1
USP12	0.0868930273163062	0.519247261737172	0.25	0.059	1
ZNF516	0.0871592304047342	0.514754723188323	0.25	0.059	1
HLA-DPA1	0.0875986710888698	-0.791765499294847	0.25	0.697	1
CPT2	0.0881897682296688	0.473540889766374	0.25	0.059	1
MARCH8	0.0885390786480244	0.506893016981429	0.25	0.059	1
UBAP1	0.0885395748661346	0.533732415054337	0.25	0.06	1
PABPN1	0.0886689873924808	0.730599068542652	0.5	0.241	1
PPIG	0.0898757356671422	0.77830012969935	0.5	0.239	1
SEC24C	0.0901506173397264	0.530379658138873	0.25	0.061	1
TUBB	0.0902441049022324	0.567604470510343	0.75	0.384	1
TBC1D7	0.0906345150243949	0.63615938409338	0.25	0.061	1
KLF10	0.0910043691194732	0.604821538527798	0.5	0.213	1
PYCARD	0.091058060904172	-0.842104068427608	0	0.444	1
SLC35B1	0.0911718897092428	0.497561315514675	0.25	0.06	1
PHF12	0.0911718899141001	0.511923122838929	0.25	0.06	1
PBRM1	0.0913115789984499	0.594366752538983	0.5	0.213	1
SIPA1	0.0917528651005246	0.465579834860906	0.25	0.06	1
FRA10AC1	0.0919065504998708	0.469920810535757	0.25	0.059	1
ERP29	0.0920675176604864	-0.835979483908722	0	0.442	1
LEMD3	0.0920985457937021	0.489738280377262	0.25	0.06	1
KLHL42	0.0920989090768135	0.606237836767704	0.25	0.061	1
EIF3K	0.0925027404766057	-0.835882261299891	0	0.442	1
HEIH	0.0925207802293495	0.530569348730217	0.25	0.061	1
TMEM69	0.0926096568603816	0.536402605687043	0.25	0.061	1
ZNF429	0.0934604122407948	0.516981596911828	0.25	0.061	1
PLXNB2	0.0935114886720655	0.468916844902228	0.25	0.06	1
THG1L	0.093723222390507	0.637219250959304	0.25	0.062	1
ATP5J	0.0941119727548155	-0.838492721820784	0	0.439	1
SOD1	0.0948504442870398	-0.839120190908877	0	0.437	1
CLOCK	0.0953008962850479	0.507865784968353	0.25	0.061	1
EMB	0.0954851297852401	-0.761463683112268	0.25	0.711	1
ABCD4	0.0958323496187623	0.487992624886787	0.25	0.061	1
DROSHA	0.0958521771601196	0.515952944576834	0.25	0.062	1
SNRPB2	0.0961390153500876	0.761535412965844	0.5	0.243	1
KIAA0513	0.0966145972143071	0.454117885846347	0.25	0.06	1
FUNDC1	0.09760679135975	0.49098922130756	0.25	0.062	1
NOC3L	0.0977168642679175	0.528290082116307	0.25	0.062	1
NLN	0.0980439543854579	0.514932576195087	0.25	0.063	1
ENSA	0.0980645147146323	0.740569532753235	0.5	0.251	1
TMEM131L	0.0982537795074267	0.623710628165161	0.25	0.063	1
GRN	0.0984566649788339	-0.84091553832276	0	0.431	1
ARPC2	0.098630843788252	-0.766471760906895	0.25	0.751	1
NKTR	0.0986690718454115	0.734588249489062	0.5	0.239	1
LDB1	0.0992440768312301	0.630904312450405	0.5	0.245	1
TMEM242	0.0995519116556349	0.605284764152782	0.25	0.064	1
TALDO1	0.100143918065337	-0.819024481085273	0	0.428	1
TMEM230	0.100345181024055	0.624347600590535	0.5	0.242	1
CWF19L1	0.101130171709598	0.525464801569388	0.25	0.063	1
ACTR3	0.101229005507464	-0.821266779489173	0	0.426	1
XPO7	0.101253715650978	0.486756561830757	0.25	0.063	1
TNS3	0.101354182332346	0.506605007918552	0.25	0.063	1
TTF1	0.101513741608357	0.646760275960892	0.25	0.064	1
CNOT6	0.101803388733291	0.509710870123327	0.25	0.063	1
OST4	0.102009518827916	-0.795250365378275	0	0.425	1
CENPH	0.102315990742312	0.524921220095021	0.25	0.064	1
MBNL1	0.102637213302517	-0.835304888435421	0	0.424	1
TOMM20	0.103109906053872	-0.806339766667458	0	0.423	1
SMG1	0.103425952255141	-0.831285040039561	0	0.423	1
UHRF2	0.103775419204577	0.461763934570312	0.25	0.062	1
H2AFY2	0.103849495709274	0.537073737688799	0.25	0.065	1
UBC	0.104006599246302	-0.738668437020318	0.25	0.73	1
ICMT	0.104125407365374	0.529496750494466	0.25	0.064	1
SLC31A1	0.104246861342915	0.657158600689226	0.25	0.065	1
PLEKHA5	0.10467095156486	0.520473654221382	0.25	0.064	1
TBL1XR1	0.104806898126279	0.596800791389891	0.5	0.228	1
DDX56	0.105086577070239	0.465225851876176	0.25	0.064	1
DPH3	0.105464180102175	0.674634957197968	0.25	0.065	1
CCNA2	0.105587190524004	0.512683925238677	0.25	0.064	1
CEP57L1	0.105817241120765	0.507781529393659	0.25	0.064	1
CNPY2	0.106214951100986	0.615339330006959	0.5	0.248	1
TPM4	0.10635335579474	0.530871195594147	0.75	0.516	1
ZCCHC9	0.106475626331203	0.463551907218871	0.25	0.064	1
RNF135	0.106528925147062	0.527549638113688	0.25	0.065	1
RBMX	0.107438902457345	-0.803857304769357	0	0.416	1
AKIP1	0.107452765248866	0.493344137572559	0.25	0.065	1
DRG2	0.107452765352605	0.522469951652013	0.25	0.065	1
BTBD10	0.107671990334203	0.483280418016293	0.25	0.064	1
ITGA4	0.108255469163957	-0.829715980667481	0	0.415	1
EMC1	0.108382939250375	0.504292633998017	0.25	0.065	1
NCAPG	0.108842079832803	0.528579497877861	0.25	0.066	1
LINC00342	0.109002029803075	0.509134085520915	0.25	0.066	1
RPS26	0.109406560918137	-0.770429520857328	0	0.413	1
PGM1	0.109630409319582	0.492243198864019	0.25	0.065	1
ARF1	0.109902719021813	-0.787214352253419	0	0.412	1
HP1BP3	0.110234437642665	-0.809802017048307	0	0.412	1
ZNF281	0.110420456829383	0.458681581971349	0.25	0.064	1
RPL7	0.11109781008587	-0.354467628843202	0.75	0.959	1
HINT3	0.111297891295537	0.460746426499689	0.25	0.065	1
MMGT1	0.111698765876379	0.456698342589712	0.25	0.064	1
RDH11	0.112397970775972	0.594665203563472	0.25	0.067	1
TCTA	0.11242155192471	0.455006820261328	0.25	0.064	1
NDUFA4	0.112896747931131	-0.709307819327714	0.25	0.697	1
NACA2	0.112915601877778	-0.758521928579001	0	0.407	1
SRFBP1	0.113402587297669	0.50263933300234	0.25	0.066	1
ENO1	0.113587840034686	0.403403179656855	1	0.734	1
FLJ44635	0.113597323209219	0.355310065766762	0.75	0.642	1
SMARCD2	0.113683615186765	0.463370524990765	0.25	0.065	1
PTPN2	0.113738504147841	0.569612850899238	0.5	0.227	1
SRSF6	0.113763520585886	-0.782748955918417	0	0.406	1
BRWD3	0.113855684449009	0.495437675708598	0.25	0.065	1
SELENOP	0.11386962786899	0.627767308993026	0.5	0.243	1
EVI2B	0.113933682050881	-0.809534932561143	0	0.406	1
PCNX1	0.11399378402911	0.496788090271973	0.25	0.066	1
ETV6	0.114087136025586	0.599096031179622	0.5	0.244	1
PA2G4	0.114104036601175	-0.797358583142169	0	0.406	1
ANGPT1	0.114148091966289	0.648449759737682	0.5	0.234	1
CAPZB	0.114958706431989	-0.780810770622577	0	0.404	1
RAC1	0.115301929856523	-0.782209376873742	0	0.404	1
CAP1	0.115405341496179	-0.70772881408871	0.25	0.699	1
BCLAF1	0.11547383304551	-0.776278197876044	0	0.404	1
FNBP1L	0.115740329038166	0.452403957767053	0.25	0.065	1
CYBB	0.11668259996808	-0.839885033662064	0	0.402	1
PI4KA	0.116738872316373	0.619305343804409	0.25	0.068	1
SYNE3	0.117463669084667	0.478985503950885	0.25	0.067	1
HSD17B11	0.11807576535191	-0.7653369191144	0	0.4	1
PTBP3	0.118075765504355	-0.78152621656681	0	0.4	1
NDUFB2	0.1182507930759	-0.760973236057703	0	0.399	1
SRSF11	0.118426018718994	-0.773499909246508	0	0.399	1
POGLUT1	0.118643087778583	0.479854981801207	0.25	0.067	1
COX18	0.119241720079078	0.480620983489427	0.25	0.067	1
LYPLA1	0.119522581457613	0.570549520713892	0.5	0.252	1
FTL	0.119647456736202	-0.332886835594814	0.75	0.866	1
RSRP1	0.1203665089181	-0.792263623588004	0	0.396	1
HLA-C	0.120543643697359	-0.712963885300483	0.25	0.724	1
BRD9	0.120740131256584	0.501681244129624	0.25	0.069	1
TCF25	0.121164046068232	0.592918579590995	0.5	0.256	1
CORO1C	0.12129092648181	0.452366057680642	0.25	0.066	1
ANKRD12	0.122151416950216	-0.794524397241089	0	0.394	1
SRSF2	0.122151417210472	-0.7597435923675	0	0.394	1
CTSC	0.122331004994267	-0.755413471088016	0	0.393	1
SEPT7	0.122510792668218	-0.760184085976784	0	0.393	1
SNRNP40	0.122541970929913	0.459203720759642	0.25	0.067	1
SSR3	0.122690781453631	-0.758932260303832	0	0.393	1
ZNF100	0.122734024101343	0.507908799098339	0.25	0.069	1
SSR2	0.122870969440285	-0.736029415232687	0	0.392	1
ZNF525	0.123079132958999	0.519570850320551	0.25	0.07	1
FER	0.123166312695476	0.491701090953817	0.25	0.068	1
DYNLL1	0.123231948271235	-0.75677506893773	0	0.392	1
SMARCA5	0.123412738294408	-0.75663762167131	0	0.392	1
RPL12	0.123597450770173	-0.340021985427659	0.75	0.971	1
DDX6	0.123956314236538	-0.766082123640059	0	0.391	1
HMGN2	0.124045833716444	0.531541231355935	0.75	0.568	1
ZMAT1	0.124213573930869	0.494523427766795	0.25	0.069	1
PSMA4	0.124683905897469	-0.750908140171847	0	0.39	1
SPCS3	0.125414728768239	-0.75666181991526	0	0.389	1
EMG1	0.126108576508636	0.502430539943952	0.25	0.07	1
PSMA2	0.126517044197757	-0.73826258963808	0	0.387	1
HTT	0.126798888943758	0.493975677534626	0.25	0.069	1
DNAJC10	0.126899159352776	0.561959024807663	0.5	0.243	1
ZNF271P	0.126969739074369	0.632584678859333	0.25	0.071	1
SMCHD1	0.127183541999683	0.561459303988863	0.5	0.235	1
RTN3	0.127255991087142	-0.735874961027882	0	0.386	1
PMVK	0.127572587921146	0.456937623728628	0.25	0.069	1
FAM92A	0.127746595812119	0.624062195820135	0.25	0.071	1
LINC02067	0.129117671617565	-0.713855060144	0	0.384	1
SLC7A6	0.129715979586391	0.474172416364289	0.25	0.07	1
TEC	0.129733487675189	0.471898569484886	0.25	0.07	1
FAM111A	0.129816929840608	0.570651510087249	0.5	0.255	1
ATF4	0.13005621668791	-0.734198489193785	0	0.382	1
PTTG1IP	0.130056217395335	-0.740422157484362	0	0.382	1
STRBP	0.130515541798034	0.474293560044936	0.25	0.07	1
CTSB	0.131189287508942	-0.751055113830513	0	0.381	1
PRSS57	0.13151043640906	0.599178190934788	0.5	0.262	1
SPATS2	0.131873808661778	0.496979471418652	0.25	0.071	1
TXNIP	0.132472939654363	-0.536103354460902	0.5	0.787	1
ATP5F1	0.132520646579564	-0.727781615047321	0	0.379	1
TNPO2	0.132771502276321	0.490320346704928	0.25	0.07	1
UBE2E2	0.132824771650365	0.442389660675691	0.25	0.069	1
ZNF445	0.132883657497461	0.468127872463262	0.25	0.07	1
MYL6	0.132900705769349	-0.507645473965925	0.5	0.828	1
NBPF8	0.133960931655243	0.63204840442092	0.25	0.073	1
CFL1	0.135197368967592	-0.669409761263438	0.25	0.689	1
GLTP	0.13528263544717	0.601837654107063	0.25	0.072	1
ARHGEF18	0.135289563425287	0.508688111916012	0.25	0.072	1
YEATS2	0.135832961434988	0.444806238533857	0.25	0.07	1
NPC2	0.13638102455836	-0.720310891812855	0	0.374	1
MYNN	0.137441955046147	0.469633277164491	0.25	0.071	1
PNRC1	0.137752102540928	-0.725144580831219	0	0.372	1
GALK1	0.137930777031347	0.501498126047007	0.25	0.073	1
DIP2B	0.138262029345699	0.442042744394094	0.25	0.071	1
MRPL37	0.138416773326742	0.516722874430193	0.25	0.074	1
WRB	0.138451566429853	0.516083750252925	0.25	0.073	1
MX2	0.138539160233959	0.440553889864683	0.25	0.07	1
RUNX1	0.138721338650356	0.676977521354442	0.5	0.28	1
PSMB10	0.138737829031354	-0.700305620443375	0	0.37	1
MXI1	0.139055259675054	0.464990260373518	0.25	0.072	1
C1QBP	0.139331826826722	-0.702106849934129	0	0.37	1
TMUB2	0.139526683543998	0.484941216745868	0.25	0.073	1
MMRN1	0.139616817337091	0.439013002137385	0.25	0.071	1
EIF5A	0.139728896968927	-0.701549062856683	0	0.369	1
SNF8	0.140317218952453	0.506931809288467	0.25	0.073	1
DTWD1	0.140565855489775	0.510117010773132	0.25	0.074	1
RPL22L1	0.140725327783222	-0.722508355387172	0	0.368	1
C19orf53	0.141232464505454	0.550920585704349	0.5	0.265	1
PHACTR1	0.141541287655588	0.60451099522032	0.25	0.075	1
UBN1	0.141736818916646	0.465659082210383	0.25	0.072	1
MDP1	0.142285167433923	0.464835259683492	0.25	0.072	1
RAD21	0.142532485302213	-0.724348101415928	0	0.365	1
ZNF106	0.142541454424032	0.541831345252303	0.5	0.249	1
GFM1	0.142766244370128	0.49166194064435	0.25	0.073	1
SNRPG	0.143544042497569	-0.698285468318096	0	0.364	1
SLC4A1AP	0.143643162423829	0.626438400501802	0.25	0.075	1
KCNJ3	0.14441391661939	0.689475837536251	0.5	0.301	1
GALNT4	0.144695799814522	0.59474129018965	0.25	0.075	1
TMEM208	0.144928522586821	0.664771357818821	0.25	0.076	1
RPS27L	0.145173864207537	-0.71123386941329	0	0.362	1
POLR1D	0.145583505414368	-0.699225853635465	0	0.362	1
HLA-DPB1	0.145971814952476	-0.684128262136477	0.25	0.638	1
SMIM20	0.146082480112828	0.440498113208469	0.25	0.073	1
UBXN4	0.146199615292294	-0.70619641273465	0	0.361	1
APRT	0.146757638220334	0.548326956393154	0.5	0.275	1
EIF3D	0.146817702463471	-0.687086351042318	0	0.36	1
HNRNPR	0.146817702908338	-0.697524443576214	0	0.36	1
ORC4	0.147233265886009	0.446555600427923	0.25	0.073	1
USP32P1	0.147336471781757	0.483919198412979	0.25	0.074	1
CELF2	0.147852258315689	-0.712960771830391	0	0.359	1
MZB1	0.148362998909426	0.703886320264779	0.25	0.076	1
JTB	0.149101027464999	-0.688229803511723	0	0.357	1
PRR13	0.149101028664439	-0.673372513448427	0	0.357	1
NPM1	0.149146454997688	0.316561285233499	1	0.813	1
SNRPE	0.149519061211005	-0.679693198977602	0	0.357	1
SAT1	0.14972841134013	-0.736923456939974	0	0.356	1
PHF3	0.149806800710882	0.631788215628755	0.5	0.285	1
C21orf58	0.150277130746665	0.494095963657307	0.25	0.076	1
TARP	0.150357800371668	-0.690080382097153	0	0.355	1
LY86	0.150568042120482	-0.702339506604768	0	0.355	1
HNRNPF	0.150778508399989	-0.685249398810059	0	0.355	1
RPL18	0.151856047833772	-0.785161258591266	0.25	0.871	1
LINC01623	0.152046005569228	-0.65829810095075	0	0.353	1
TMEM258	0.152470301757298	-0.66753231677876	0	0.353	1
FAF2	0.152958059862472	0.502071438772099	0.25	0.076	1
CAMKK2	0.15299320558455	0.437934486856081	0.25	0.074	1
VSIR	0.153108432245562	-0.695777659562351	0	0.352	1
CDK19	0.153651972613838	0.732064190681635	0.25	0.078	1
ID2	0.154176497073605	-0.758000609478703	0	0.351	1
C20orf24	0.15417649738072	-0.677867075655656	0	0.351	1
HLA-DMA	0.154176497564989	-0.69482067470392	0	0.351	1
ATP5E	0.154343746188971	-0.708266966065525	0.25	0.789	1
VRK3	0.154417881849117	0.498478064420537	0.25	0.077	1
AGL	0.154443106245651	0.459689348555381	0.25	0.076	1
AGPAT3	0.154583274036546	0.431943748839906	0.25	0.074	1
TRMT112	0.154605307331382	-0.678257938780012	0	0.35	1
CNOT4	0.154712630662111	0.694719505562252	0.25	0.078	1
PPP6R2	0.15549044429849	0.497755841644229	0.25	0.077	1
FAM76A	0.156520959951808	0.429335323538187	0.25	0.074	1
NDUFS5	0.156762994587265	-0.661074063267634	0	0.348	1
COMT	0.156952613535148	0.529831233885028	0.5	0.279	1
SATB1	0.157095774814903	0.536675052206071	0.5	0.271	1
COMMD3	0.157313025766145	0.618090808456532	0.5	0.3	1
CYTL1	0.157498118287325	0.494513994884724	0.25	0.077	1
SAE1	0.157712943440111	0.505813127635773	0.25	0.077	1
EVI2A	0.157850399135671	-0.695568152870823	0	0.346	1
NDUFV2	0.158167455835947	0.532591402367657	0.5	0.276	1
RAP1B	0.158724452555505	-0.67438288443437	0	0.345	1
CALM2	0.159071656767431	-0.703809892117756	0.25	0.761	1
UBE2J1	0.159382409381528	-0.678082715881791	0	0.344	1
NDUFC2	0.15938240963313	-0.65060367393292	0	0.344	1
NDUFB4	0.159386963062817	0.536128417145634	0.5	0.291	1
SEC61B	0.159602189465038	-0.65100438603233	0	0.344	1
SRP9	0.15982220118949	-0.665558445023516	0	0.344	1
SRSF8	0.159827287382467	0.569829221185753	0.25	0.079	1
TOMM70	0.159870799843928	0.502087832387835	0.25	0.078	1
PRDX5	0.15998237856548	0.517122489554711	0.5	0.266	1
VTRNA1-3	0.160042231052185	0.553485204405769	0.25	0.076	1
CWF19L2	0.16053321560628	0.49192592394785	0.25	0.078	1
PSMB8	0.160704559049987	-0.658686103615269	0	0.343	1
C1orf35	0.16132645076102	0.477357954450811	0.25	0.078	1
PPIF	0.161474762757983	0.515216097987592	0.25	0.079	1
ACAP2	0.16159062656749	-0.692459057324802	0	0.342	1
FYB1	0.161651362614032	0.575575560241687	0.5	0.284	1
TMA7	0.161752360420455	-0.617824359538043	0.25	0.652	1
CREG1	0.162035056331728	-0.649297322724538	0	0.341	1
P2RY8	0.162103892689208	0.436177137111213	0.25	0.076	1
SNORA109	0.162434027011339	0.425778555990268	0.75	0.612	1
GTF3C3	0.162537065645808	0.457703502487457	0.25	0.077	1
PRPSAP1	0.162742690050483	0.632762493807678	0.25	0.08	1
SAMM50	0.163222478550258	0.504425723616945	0.25	0.079	1
FAM193A	0.163700910960105	0.490847568299033	0.25	0.079	1
FEN1	0.163713241593269	0.509205176618105	0.25	0.08	1
CCT8	0.163822103999943	-0.644816426146395	0	0.339	1
PSMA1	0.164046538059683	-0.647240243168604	0	0.339	1
KTN1	0.164271206602413	-0.660413997293176	0	0.339	1
ADD3	0.164496109847115	-0.681098686635277	0	0.338	1
AKAP9	0.164496111166125	-0.701104810770724	0	0.338	1
HNRNPC	0.165013504941398	-0.617013030771019	0.25	0.638	1
R3HDM4	0.165175935324741	0.476187651639847	0.25	0.079	1
FOXP1	0.165228766749377	0.398291623815392	0.75	0.686	1
JPT2	0.165771742978676	0.505861099909788	0.25	0.08	1
TRNT1	0.167257745017453	0.457832653845747	0.25	0.079	1
C2orf49	0.167952748615558	0.476613219376635	0.25	0.079	1
SRP72	0.168814148035843	-0.65453314475766	0	0.333	1
MYADM	0.169273666559644	-0.695113527462062	0	0.333	1
MDM4	0.16927366718361	-0.678876865070729	0	0.333	1
SGO2	0.169838858225963	0.477564962802302	0.25	0.08	1
TSC22D3	0.169964736432549	-0.708455224220881	0	0.332	1
SNRPB	0.170426650540591	-0.639360774861425	0	0.332	1
CCNL1	0.170426650705597	-0.658757814757616	0	0.332	1
ABRACL	0.170657965162889	-0.635325780164119	0	0.331	1
METTL7A	0.170657966319064	-0.665408488738275	0	0.331	1
PAPOLA	0.170889521911143	-0.65005989931899	0	0.331	1
RNF20	0.171535857971936	0.47581141543532	0.25	0.08	1
AHR	0.171585632756768	-0.698652905618299	0	0.33	1
NFKBIA	0.171818151304931	-0.671488926603749	0	0.33	1
B3GNTL1	0.172158306256334	0.486713033801667	0.25	0.081	1
HMGB1	0.172611448978111	0.439935388489542	1	0.689	1
CNTRL	0.17298436577364	-0.660350061282352	0	0.329	1
EIF3I	0.173218334556943	-0.62871019719691	0	0.328	1
C14orf159	0.173282606527654	0.430705994979176	0.25	0.08	1
PDAP1	0.173452545474453	-0.62253293298675	0	0.328	1
SRRM1	0.173686997820017	-0.635346809581067	0	0.328	1
NDUFB9	0.173921694367003	-0.634550698022895	0	0.328	1
TTC3	0.173921694969789	-0.65486775310401	0	0.328	1
ESYT1	0.174397500140692	0.475931187024555	0.25	0.081	1
POLDIP3	0.174431284766021	0.429429029921921	0.25	0.079	1
BZW1	0.175098822423242	-0.630827613712248	0	0.326	1
GAPDH	0.175627115348889	-0.760941445324794	0.25	0.835	1
MT-COX3	0.176148424950772	0.2916891828987	0.75	0.772	1
C1orf27	0.176174718440372	0.449253750779229	0.25	0.081	1
CXCL14	0.17628204892789	-0.60459369892563	0	0.325	1
SUPT6H	0.176285889287208	0.424890083651163	0.25	0.079	1
RCC1	0.17679029218208	0.440997798604591	0.25	0.081	1
SMAP2	0.177710006117071	-0.655349123391559	0	0.323	1
RTN4	0.17771000645721	-0.64442576741654	0	0.323	1
RELL1	0.178253238662926	0.477356689401552	0.25	0.081	1
TSR1	0.17838594255771	0.573372553015285	0.25	0.083	1
HSBP1	0.178666897709627	-0.617887626083955	0	0.322	1
RNASE2	0.178666897812065	-0.683213429645435	0	0.322	1
AKAP17A	0.179216595082092	0.423354392696851	0.25	0.08	1
GUK1	0.179627740005411	-0.618907789212234	0	0.321	1
ERH	0.179868568601415	-0.609009636884194	0	0.321	1
ANKRD28	0.179868569836666	-0.665079002604575	0	0.321	1
TAPBPL	0.179870138043924	0.473337025930041	0.25	0.082	1
CLTA	0.180109646858593	-0.614302013329899	0	0.321	1
UHRF1	0.180840901528119	0.497679409424187	0.25	0.083	1
CHMP1A	0.181109203384239	0.473344912849971	0.25	0.082	1
LATS2	0.181752119817165	0.471409356064017	0.25	0.083	1
CLEC12A	0.182047219528588	-0.634281599858449	0	0.319	1
NUP43	0.182245054566445	0.58626512963648	0.25	0.084	1
CARD19	0.182534106459639	-0.631757834998222	0	0.318	1
STAU2	0.18269851926511	0.486329633878241	0.25	0.083	1
CEP78	0.182863595141073	0.608351944787178	0.25	0.084	1
LAIR1	0.183266315028324	-0.620764655922551	0	0.317	1
BIN2	0.183510885429192	-0.63806961702468	0	0.317	1
WDR75	0.183771532204886	0.471769271732538	0.25	0.083	1
PAFAH1B2	0.183985737460113	0.496589822297554	0.5	0.295	1
MYCBP2	0.184000780757847	-0.640147943037135	0	0.317	1
COTL1	0.184000781106674	-0.647428849242155	0	0.317	1
ZNF395	0.184549289878935	0.466918420672504	0.25	0.082	1
NFKB1	0.18472855078743	0.564826696073263	0.25	0.084	1
RBM28	0.18488357491914	0.476000181004628	0.25	0.083	1
C4orf3	0.18572334912578	-0.612073534757707	0	0.315	1
C1QTNF4	0.185819439164049	0.49329970079579	0.25	0.085	1
AQR	0.186265344603878	0.427297185645779	0.25	0.082	1
TYK2	0.187083542929357	0.483181129695666	0.25	0.084	1
RCSD1	0.188205685632141	-0.61540019200369	0	0.312	1
SERPINB1	0.188386196616571	0.476839294377813	0.75	0.527	1
POLDIP2	0.188838057177161	0.428568238383058	0.25	0.083	1
MAN1A2	0.188955352065178	-0.626689451176685	0	0.311	1
ITFG1	0.189224695202451	0.486201667923522	0.25	0.086	1
ZNF638	0.18930351108171	0.491997856105072	0.5	0.282	1
GAPT	0.189456409331386	-0.609541497364522	0	0.311	1
RAB18	0.189580999815916	0.482683837182924	0.25	0.085	1
BCL11A	0.189707321807765	-0.640110126521692	0	0.311	1
ASPM	0.189792947813779	0.455249150518691	0.25	0.082	1
UBBP4	0.189931748890282	0.495319276736452	0.5	0.309	1
RLIM	0.189958490541731	-0.583873288296271	0	0.31	1
APPL1	0.189968179637746	0.492994312821341	0.5	0.283	1
NCOR1	0.190209915966348	-0.618171946748083	0	0.31	1
POP5	0.190238493963797	0.455037231337874	0.25	0.085	1
ANAPC5	0.190461599374358	-0.604028812166694	0	0.31	1
SCLT1	0.190704748625998	0.467467946343957	0.25	0.085	1
PANK2	0.190746977605672	0.597318457997988	0.25	0.087	1
MNDA	0.190965737449337	-0.755274726299196	0	0.309	1
FUS	0.191025390192176	0.56449331415851	0.5	0.328	1
SMDT1	0.191723873067311	-0.597197661290402	0	0.308	1
SYK	0.191723874289386	-0.620070606832462	0	0.308	1
CCDC144A	0.191889937517361	0.420550585987177	0.25	0.083	1
TTN	0.192226237576552	0.441089681216745	0.25	0.082	1
VTRNA1-1	0.192484335613117	-0.615700824450955	0	0.308	1
FBL	0.192992603542148	-0.579301383285884	0	0.307	1
BRD2	0.193501909269611	-0.601013748266845	0	0.307	1
TMPO	0.194012254555196	-0.631571003035038	0	0.306	1
NAT10	0.194152519268292	0.467977314834339	0.25	0.086	1
TOMM6	0.194267819219141	-0.576263801320944	0	0.306	1
MTG1	0.19473446615738	0.427512190724833	0.25	0.085	1
REXO4	0.194954782723581	0.557931955000075	0.25	0.087	1
SMC6	0.195117073937492	0.47896383612406	0.25	0.086	1
DCAF12	0.195162072006884	0.446270452831988	0.25	0.085	1
CCDC130	0.195621493763546	0.420679612628585	0.25	0.083	1
DERL2	0.195762059509206	0.465176193985053	0.25	0.086	1
CNTLN	0.19648794086296	0.480837502299694	0.25	0.087	1
SNHG19	0.196612699555606	0.562617261214286	0.25	0.088	1
FGL2	0.197096252263078	-0.740754867000598	0	0.303	1
SSR1	0.197354955362216	-0.591759678496057	0	0.303	1
CD164	0.197354955472355	-0.603278456295563	0	0.303	1
TMEM159	0.197592565759442	0.41659506039905	0.25	0.083	1
STX4	0.197807138243949	0.42020424504354	0.25	0.085	1
ACIN1	0.197873151310638	-0.59372939077096	0	0.302	1
CWC15	0.197873152119881	-0.593160427023535	0	0.302	1
SNRPD3	0.197873152119881	-0.580801728771006	0	0.302	1
RAB31	0.199173263091165	-0.611729518551776	0	0.301	1
TLR4	0.199336116947207	0.476631410556252	0.25	0.087	1
ZNHIT1	0.199695159788915	-0.584203066580003	0	0.3	1
PRDX6	0.200218117021888	-0.578507588010607	0	0.3	1
HOXA9	0.200479993988663	-0.597286296399895	0	0.3	1
PIGT	0.200724194762086	0.466154456786952	0.25	0.088	1
RIPOR2	0.201267222709123	-0.653545538817845	0	0.299	1
ENY2	0.201267223938253	-0.575531167864196	0	0.299	1
TM9SF2	0.20126722427347	-0.575408000110271	0	0.299	1
EIF2B1	0.201948038070328	0.462575509512243	0.25	0.087	1
STK4	0.202584609086575	-0.598041996559543	0	0.297	1
PDCD7	0.202809741987097	0.442282270476717	0.25	0.087	1
USP15	0.203113437000814	-0.609334933453398	0	0.297	1
MPP6	0.203139449482367	0.444233705629058	0.25	0.087	1
CCDC84	0.203161180160935	0.41970958675542	0.25	0.086	1
HLA-DRB6	0.203378253892763	-0.594042007397158	0	0.297	1
ITSN2	0.203697910693546	0.486089982756841	0.5	0.29	1
DRAP1	0.204174315921827	-0.575482855546461	0	0.296	1
DNAJC21	0.204338051999255	0.437050318402865	0.25	0.087	1
OTUD4	0.204584820367066	0.453903827928425	0.25	0.087	1
ATP5J2	0.2047063708895	-0.554177007458453	0	0.295	1
CUL4B	0.205060663978901	0.474255844224266	0.25	0.088	1
DDX3X	0.205239503864868	-0.582295353076881	0	0.295	1
ARL4A	0.205247911319121	0.438809515421767	0.25	0.087	1
CCT3	0.206309017494062	-0.570036338202045	0	0.294	1
TMBIM4	0.206309017683722	-0.577931086121143	0	0.294	1
ARHGEF2	0.206497517228906	0.461206693387045	0.25	0.088	1
PDIA6	0.206577073479568	-0.564694985841467	0	0.294	1
PHB2	0.206577073479568	-0.554736216633057	0	0.294	1
UQCC3	0.206578776590643	0.416123557070518	0.25	0.087	1
HMGA1	0.207113999937931	-0.55900159290123	0	0.293	1
C1orf52	0.20733990417296	0.415497142526334	0.25	0.087	1
PGRMC1	0.207492426537952	0.477044107645144	0.25	0.089	1
DOPEY2	0.207598108209927	0.440234884620546	0.25	0.088	1
ABHD10	0.208158094105794	0.438451613636497	0.25	0.088	1
TUFM	0.208191118560754	-0.571026971972957	0	0.292	1
NSA2	0.208191119859128	-0.563319343564068	0	0.292	1
PRKAR1A	0.208461080831656	-0.579726775804997	0	0.292	1
CLINT1	0.208461080908104	-0.571233775951307	0	0.292	1
KHDRBS1	0.208788206901833	0.472554879948172	0.5	0.318	1
OXLD1	0.208900153558441	0.411942784291887	0.25	0.086	1
ATIC	0.208925928227719	0.465693910848047	0.25	0.09	1
NDUFB6	0.209001824433844	-0.567190822745781	0	0.291	1
NFYB	0.209134818667535	0.48170968331377	0.25	0.09	1
METTL9	0.209543662435329	-0.566967210344687	0	0.291	1
SLTM	0.209543663010894	-0.576332378688078	0	0.291	1
RPA1	0.210028400623709	0.465660527080424	0.25	0.09	1
PNRC2	0.210086597522876	-0.574214132104872	0	0.29	1
ANXA2	0.21144874890221	-0.61240895382691	0	0.289	1
NOP56	0.212269350638387	-0.573789303859289	0	0.288	1
MEF2C	0.212543436748632	-0.601483913870109	0	0.288	1
S100A4	0.212572572423267	-0.43988580235212	0.5	0.754	1
RPS9	0.212825348964621	-0.29811752322267	0.75	0.968	1
EIF4H	0.213047411727914	0.449443090736059	0.5	0.304	1
HELLS	0.213097357206723	0.47563896374373	0.25	0.091	1
DAD1	0.213367360866279	-0.55118367995043	0	0.287	1
SEPT6	0.21346278868141	0.613153140203356	0.5	0.368	1
FAM30A	0.213642557814468	-0.596617413192112	0	0.287	1
HAUS6	0.214248543135767	0.460441424569545	0.25	0.09	1
TCEA1	0.214469815870667	-0.559788513801305	0	0.286	1
TAF1	0.214732044406411	0.717218562243898	0.25	0.093	1
NEDD8	0.215022715739225	-0.548474916327071	0	0.285	1
HNRNPA0	0.21557673314232	-0.547998787093472	0	0.285	1
LSM3	0.215576733377451	-0.55207338576695	0	0.285	1
CMTM6	0.215576733730147	-0.570302641242508	0	0.285	1
NDUFB11	0.21557673439635	-0.538150518431018	0	0.285	1
FEM1B	0.215984806306404	0.567339326833861	0.25	0.092	1
PSMG1	0.216327031068074	0.420753529118136	0.25	0.09	1
WDR83OS	0.216688127207796	-0.541481630089843	0	0.284	1
ZNF480	0.216802767387177	0.469038974788998	0.25	0.091	1
OSBPL11	0.217594809514806	0.439003655143858	0.25	0.089	1
GNAQ	0.217804018299124	-0.570606887298536	0	0.283	1
PTPRE	0.218643894716121	-0.58313150626142	0	0.282	1
C12orf57	0.218643894795328	-0.554348803978706	0	0.282	1
DNAJC1	0.218643894874535	-0.552497796701236	0	0.282	1
YWHAQ	0.218643895112155	-0.545975293627961	0	0.282	1
GRK3	0.218810322968019	0.421784191611232	0.25	0.088	1
RNASEH2A	0.218851837058201	0.46684316818379	0.25	0.092	1
CDC42SE2	0.21890805563574	0.45439680731404	0.5	0.287	1
CAPRIN1	0.219205226298408	-0.54241999603795	0	0.281	1
PSMB3	0.21920522681424	-0.545448034793071	0	0.281	1
XPA	0.219408527314838	0.429968198648938	0.25	0.09	1
ETS2	0.219628068351453	0.463486884410028	0.5	0.29	1
FKBP1A	0.219767691129554	-0.541407465285149	0	0.281	1
ZNRD1	0.219956766664228	0.438526058576505	0.25	0.091	1
ZEB2	0.220049349303352	-0.568726416726832	0	0.281	1
TNFSF13B	0.220331291276645	-0.557454554289348	0	0.28	1
COPS9	0.220896028615242	-0.536374701406041	0	0.28	1
PAIP2	0.220896029054229	-0.546330467129954	0	0.28	1
MRPS21	0.221178824481537	-0.535222542984893	0	0.28	1
DPP7	0.222312864506956	-0.529422713416087	0	0.279	1
CCNC	0.222792106431449	0.410421246225358	0.25	0.09	1
CYB5A	0.222792106532556	0.414427399584167	0.25	0.09	1
LSM12	0.222881600250108	-0.540498685297766	0	0.278	1
SH3GLB1	0.222881600611694	-0.553919398430718	0	0.278	1
NMI	0.22316639812218	-0.534179957795622	0	0.278	1
SLC17A9	0.223297128549466	0.439730821836263	0.25	0.092	1
PTPRCAP	0.223980909751767	0.528783751832465	0.5	0.318	1
BSCL2	0.224143125236081	0.438630759083622	0.25	0.092	1
VPS29	0.224308465650249	-0.53943580698573	0	0.277	1
MYL12A	0.224503777646281	-0.581358417693813	0.25	0.692	1
RAP1A	0.224594701776804	-0.557311656300181	0	0.276	1
ZMYM5	0.22478453810893	0.58200573792256	0.25	0.095	1
LNPK	0.225080837386232	0.452161711888203	0.25	0.093	1
FAM49B	0.225455143842251	-0.551666682812366	0	0.276	1
ZBED1	0.225665783214653	0.400822635271349	0.25	0.09	1
GNAI2	0.225742535719028	-0.53734093625133	0	0.275	1
FKBP3	0.225742536733099	-0.541875685415104	0	0.275	1
SOX4	0.225742537138727	-0.557902074419695	0	0.275	1
GADD45GIP1	0.226030218064955	-0.535493711809784	0	0.275	1
ITGB1	0.226030218998794	-0.548915332936298	0	0.275	1
ERLIN2	0.226229942139282	0.4686976935811	0.25	0.094	1
SH3KBP1	0.22631819026934	-0.538659843861375	0	0.275	1
ARF5	0.226606451474574	-0.533375603924612	0	0.275	1
ACADVL	0.226606452369523	-0.537143231543757	0	0.275	1
RPL21P28	0.22689500366957	-0.508360218351156	0	0.274	1
CTSG	0.226895005990522	-0.609566427279985	0	0.274	1
ANKRD42	0.227183847464617	-0.50909987503553	0	0.274	1
CD38	0.227743442820093	0.474926349777927	0.25	0.094	1
NIN	0.227762407486664	-0.551123135907476	0	0.274	1
VCP	0.228052124280263	-0.531794613945282	0	0.273	1
H3F3AP4	0.2282669484667	0.29595157744351	0.75	0.596	1
HSPA8	0.228313588771709	0.287108240681474	0.75	0.657	1
PPP1R15A	0.228342131931801	-0.56590229640434	0	0.273	1
NAPSB	0.228342132627337	-0.618564218528971	0	0.273	1
USP48	0.22834213287282	-0.536564660844346	0	0.273	1
PBXIP1	0.229408320023405	0.435231071599082	0.25	0.091	1
MITD1	0.229945146757068	0.46551237905351	0.25	0.095	1
TAF1D	0.230088332637427	-0.540541756183117	0	0.271	1
TIMM17B	0.23026155398269	0.407293223041493	0.25	0.092	1
ATP6V0E1	0.230380393007038	-0.526992762120516	0	0.271	1
NDUFB10	0.23067274702501	-0.522524012198727	0	0.271	1
TMBIM1	0.231743534671149	0.423742613569252	0.25	0.092	1
YWHAB	0.231780530112492	0.297590993278424	0.75	0.637	1
PPP1R12A	0.231845111330528	-0.55431609609686	0	0.27	1
MCL1	0.23184511182717	-0.554893761829877	0	0.27	1
GNG5	0.231845112282425	-0.524412321950023	0	0.27	1
YLPM1	0.23197410135521	0.460021459583693	0.25	0.095	1
CALCOCO2	0.232138941631155	-0.541231740029131	0	0.27	1
TAF7	0.232138941755435	-0.541660295105154	0	0.27	1
CUL2	0.232264187992442	0.425794766818946	0.25	0.094	1
RICTOR	0.232264188287033	0.452821806761153	0.25	0.094	1
TNRC6A	0.232492594312234	0.442271747576552	0.25	0.094	1
LPIN2	0.232554186137317	0.442180411847059	0.25	0.094	1
ITGB3BP	0.232951619863552	0.45606189184469	0.25	0.096	1
XPO1	0.23331722299937	-0.526863391054326	0	0.269	1
MYH9	0.233908143960911	-0.541841867083246	0	0.268	1
VPS35	0.233908144169238	-0.522752801134602	0	0.268	1
XRN2	0.234204051944739	-0.528241569358704	0	0.268	1
LAPTM4A	0.234204052737139	-0.524627112799393	0	0.268	1
AP2M1	0.234796760074329	-0.513384062369498	0	0.267	1
ZC3H11A	0.234796760492181	-0.537056684357436	0	0.267	1
SCP2	0.235093562905587	-0.522257570803436	0	0.267	1
MBTPS1	0.235372886724846	0.59992721795519	0.25	0.098	1
NIPSNAP1	0.235372887106338	0.606215821583092	0.25	0.098	1
MAVS	0.235688064803884	-0.516703208366072	0	0.266	1
PHPT1	0.235985765142872	-0.524161496421802	0	0.266	1
C7orf73	0.236880665292213	-0.51250981974618	0	0.265	1
RAB10	0.236880665334279	-0.522468677393996	0	0.265	1
SKIV2L2	0.237109305278737	0.450138522479527	0.25	0.096	1
INTS6	0.237116908685794	0.574087945063095	0.25	0.098	1
LMAN2	0.237179566245382	-0.507423960652441	0	0.265	1
EPRS	0.237778271924302	-0.516334822339858	0	0.265	1
C14orf166	0.23837818374609	-0.505944997550994	0	0.264	1
SF3B5	0.238378184337852	-0.512886652768506	0	0.264	1
CCND3	0.238678593372666	-0.519552170700169	0	0.264	1
CCDC18	0.238981137022146	0.709556949788917	0.25	0.098	1
KCNE5	0.239495840926608	0.455679699777356	0.25	0.097	1
SF3B6	0.239581637348192	-0.502844392561354	0	0.263	1
ATP6V1D	0.239724835890576	0.455662471115076	0.25	0.096	1
KMT2C	0.239883258705424	-0.539056168140628	0	0.263	1
EBP	0.240476476178142	0.450158519726431	0.25	0.097	1
RFLNB	0.241092785420339	-0.519628739269061	0	0.262	1
DCAF5	0.241265094174035	0.417327386115956	0.25	0.094	1
DDIT4	0.241395928408617	-0.574164651536093	0	0.261	1
SERINC3	0.241699377747891	-0.520920649918647	0	0.261	1
RELT	0.241720961680732	0.449147029173869	0.25	0.097	1
CTDSP2	0.241976122295162	0.443005235223207	0.25	0.097	1
EIF2S2	0.242003131148035	-0.511981299947838	0	0.261	1
PSMA3	0.242003133200424	-0.507316825333553	0	0.261	1
CSNK1A1	0.242098639838299	0.47160288148959	0.5	0.356	1
SSB	0.242611559987841	-0.496496509967781	0	0.26	1
ARF6	0.24267003614318	0.436898875017746	0.5	0.321	1
TNFSF13	0.242916233195779	-0.512542880179863	0	0.26	1
MPHOSPH9	0.243503998611177	0.462519426182723	0.25	0.098	1
CITED2	0.243526502034192	-0.529961541056117	0	0.26	1
NIT2	0.24379364487229	0.434772484843381	0.25	0.097	1
IL10RB	0.244137999692868	-0.519655249301408	0	0.259	1
SMARCE1	0.244750731359701	-0.501316853895308	0	0.259	1
ZFAND5	0.245057560391656	-0.518558869823418	0	0.258	1
MPV17	0.245346988716116	0.460446383222532	0.25	0.098	1
GSN	0.24536469832233	-0.5064161202647	0	0.258	1
IFNAR2	0.245364699229785	-0.504091509115334	0	0.258	1
CEPT1	0.245384705711937	0.392873463791696	0.25	0.094	1
DHX40	0.245516674022336	0.425987623671142	0.25	0.097	1
MRPL43	0.245942593064612	0.440919340242694	0.25	0.097	1
PPIP5K2	0.2462879706061	-0.513660873662471	0	0.257	1
RFTN1	0.246572468683537	0.391726788211409	0.25	0.094	1
PTPN6	0.246596348934783	-0.503698989681994	0	0.257	1
SRSF10	0.246596349585461	-0.505558615265087	0	0.257	1
UBE2D2	0.246905038657229	-0.504852758295194	0	0.257	1
PAK1	0.247214038407933	-0.535950397995641	0	0.256	1
LINC01000	0.247233345838041	0.545399916339519	0.25	0.1	1
MB21D1	0.247506983989751	0.400648078370986	0.25	0.096	1
TIAL1	0.247523349643385	-0.500388932318075	0	0.256	1
MYDGF	0.247523350252438	-0.484274328600313	0	0.256	1
CNN2	0.247523350339446	-0.512793370685425	0	0.256	1
RRP7A	0.247580181021954	0.40595033301778	0.25	0.096	1
PSMC1	0.247832973389737	-0.498342257649377	0	0.256	1
MIF-AS1	0.247832973738102	-0.481791865619112	0	0.256	1
TKT	0.24800476631197	-0.549966963644591	0.25	0.608	1
NUMA1	0.248025773440682	0.556507260192398	0.25	0.101	1
DDX46	0.248453157519636	-0.506805789696539	0	0.255	1
CYFIP1	0.248856598631351	0.442588791984376	0.25	0.098	1
PDXDC1	0.249331466936519	0.392986564332622	0.25	0.096	1
TAPT1-AS1	0.249478725358376	-0.527002014329725	0.25	0.612	1
NCOA7	0.249553617891521	0.43638796629175	0.25	0.097	1
DHRS7	0.249697280568128	-0.504681476495736	0	0.254	1
C9orf78	0.249697281181295	-0.507205341422002	0	0.254	1
GPCPD1	0.249697281356485	-0.532696850579494	0	0.254	1
DENND1B	0.249991896708306	0.39108378027635	0.25	0.095	1
ZC3H15	0.250009095959612	-0.495521486156872	0	0.254	1
UBXN1	0.250321225873294	-0.50669980305631	0	0.254	1
LAMTOR5	0.250321226707052	-0.493973091416841	0	0.254	1
GOLGB1	0.250633670294402	-0.526676131919707	0	0.254	1
AK2	0.250633671085038	-0.487006334802806	0	0.254	1
BNIP2	0.250946431230072	-0.501225501625654	0	0.253	1
AKAP13	0.251259506029738	-0.516754629387367	0	0.253	1
UFC1	0.251259506513836	-0.485334272613976	0	0.253	1
ANP32A	0.251268272069552	0.4282971239415	0.5	0.345	1
ARPC4	0.251572896789659	-0.497148149616816	0	0.253	1
SNRPF	0.251572897362326	-0.480058510129126	0	0.253	1
NUP214	0.251572897802838	-0.508547381280912	0	0.253	1
UHMK1	0.251572898155248	-0.520784218639984	0	0.253	1
SNORD79	0.251870950943096	0.439950500788032	0.25	0.099	1
SNX6	0.251886604379059	-0.503524419409967	0	0.253	1
UBE2V1	0.251886604775902	-0.49432248883598	0	0.253	1
NUP107	0.252000722153799	0.581125010545737	0.25	0.101	1
MIER1	0.25220062883143	-0.501884015597468	0	0.252	1
POLH	0.252284941314055	0.460806543939422	0.25	0.1	1
POMP	0.252514969517215	-0.487409420097168	0	0.252	1
GNPTAB	0.252514970179895	-0.503465145122792	0	0.252	1
TMEM164	0.253069281661186	0.394785926182653	0.25	0.096	1
ATRX	0.253113275141318	0.486958762971992	0.5	0.338	1
SNRPC	0.253144603120323	-0.481618474485484	0	0.252	1
CDC37	0.253144603562962	-0.478111098390414	0	0.252	1
NDUFB8	0.253459895750324	-0.488097219373517	0	0.251	1
DRG1	0.25356704606281	0.458099222231705	0.25	0.1	1
SLC30A5	0.254280118501754	0.394624128483869	0.25	0.097	1
PPP1CA	0.254407686672304	-0.497333265368818	0	0.25	1
RAB7A	0.254407687116652	-0.499201093783944	0	0.25	1
CIB1	0.25504114322049	-0.492576306944672	0	0.25	1
CNPY3	0.255410716912416	0.419409303513815	0.5	0.334	1
DBI	0.259391706527196	-0.519485076776404	0.25	0.567	1
RPSAP58	0.259948012772472	-0.549247463574848	0.25	0.638	1
MRPL4	0.260288373243606	0.397174999940968	0.25	0.098	1
PPP1R10	0.26068925866096	0.569600523652125	0.25	0.103	1
CLSPN	0.261774257940452	0.572260578409198	0.25	0.104	1
BLMH	0.262178335662775	0.449252303716279	0.25	0.102	1
PARP9	0.262481855443225	0.617301611676426	0.25	0.104	1
PTPRC	0.263444290515354	-0.548043017108899	0.25	0.701	1
TMED8	0.263482927824471	0.433467637121858	0.25	0.102	1
LRRC37A4P	0.264423092208698	0.430593501825984	0.25	0.1	1
CAMK1D	0.265169248669146	0.395199579060259	0.25	0.1	1
NSMCE4A	0.265901027392243	0.434547592853281	0.25	0.101	1
FAM49A	0.265906621158048	0.433445029145521	0.25	0.101	1
VEZT	0.265911260696266	0.412535816992526	0.25	0.101	1
ZMPSTE24	0.267174410764296	0.581160695614016	0.25	0.105	1
STT3A	0.267687991293757	0.456027749629449	0.25	0.103	1
PAXBP1	0.268123877174398	0.430922859287376	0.25	0.102	1
DTD1	0.268508494697637	0.410004878919319	0.25	0.102	1
UTP3	0.268929463736257	0.405827021393648	0.25	0.1	1
FOXN3	0.270157813438679	0.419147798003164	0.25	0.102	1
PRDX4	0.270277855879948	0.42103647924965	0.25	0.103	1
AGPS	0.270687838803073	0.431467561711352	0.25	0.103	1
C5orf24	0.271437788114283	0.422562694305499	0.25	0.103	1
ARHGEF1	0.272565379312293	0.423325172908676	0.25	0.103	1
THUMPD3	0.273981442680029	0.428941507637515	0.25	0.104	1
HLA-DRB5	0.274973729745975	-0.503026266653819	0.25	0.579	1
NRBP1	0.276157548993939	0.428196611611467	0.25	0.105	1
KIAA1586	0.278424653577044	0.425429718735278	0.25	0.105	1
ATP2A2	0.278959529505617	0.431199014608348	0.25	0.105	1
HSP90AA1	0.279384494004831	0.284673574320446	0.75	0.7	1
TSC22D1	0.279697241916932	0.372554229450016	0.25	0.099	1
CAB39	0.279799868736952	0.552390232070877	0.25	0.108	1
SNRPA1	0.27987223095319	0.430370273338957	0.25	0.105	1
NUDCD1	0.280961399307714	0.384995130612233	0.25	0.103	1
ACTL6A	0.281206036276068	0.59186060295862	0.25	0.109	1
CHCHD2	0.281300187013974	-0.496368919430041	0.25	0.584	1
RABGGTB	0.281581483460606	0.572978180012631	0.25	0.109	1
ZBED5	0.283071644414684	0.419432201738273	0.25	0.104	1
MT-CYTB	0.284130216139598	0.284539158549098	0.75	0.748	1
RNF19A	0.284370650829817	0.398272882037256	0.25	0.103	1
OCIAD2	0.284470642357709	0.379940379746985	0.25	0.102	1
RBM25	0.284682377405238	0.401350331054381	0.5	0.349	1
CEP290	0.285131120025906	0.432641215135034	0.25	0.106	1
CHTF8	0.285232170183004	0.445067210469788	0.25	0.107	1
OXSR1	0.285624334139221	0.535518243210842	0.25	0.109	1
ETHE1	0.28564527754529	0.384126279310929	0.25	0.105	1
RAB4A	0.286542337644872	0.382804403533308	0.25	0.104	1
PNPLA8	0.287192552935781	0.43026044926279	0.25	0.107	1
NUTM2B-AS1	0.287233110589549	0.377065024825054	0.25	0.102	1
MKLN1	0.287399351175867	0.393862884917419	0.25	0.104	1
SCFD1	0.287477869270514	0.380504773874834	0.25	0.103	1
UBR2	0.287823237210097	0.412931121289386	0.25	0.106	1
LLPH	0.288041491157508	0.561278889763221	0.25	0.11	1
DNAJB14	0.28888279599635	0.412423042542708	0.25	0.106	1
GTF2I	0.289273317403496	0.447916691286266	0.5	0.373	1
MRPS25	0.289602725440762	0.444138339775346	0.25	0.108	1
ZNF33B	0.289603505990396	0.413949134579794	0.25	0.107	1
TFPI	0.289823262781603	0.384253225084896	0.25	0.103	1
SOCS2	0.290213655809424	0.415855351022931	0.25	0.107	1
LAPTM5	0.290665692748349	-0.490209592646122	0.25	0.6	1
KDM1A	0.290893682071478	0.445369439547856	0.25	0.109	1
MYO9B	0.290946112925202	0.431312762577606	0.25	0.108	1
FAM98B	0.291647173759146	0.519350777607435	0.25	0.111	1
ADNP	0.291723001315408	0.437815812746432	0.25	0.109	1
CREB3L2	0.292140586968415	0.379892397489724	0.25	0.106	1
TLE4	0.292546483291083	0.526314448153385	0.25	0.111	1
RGS2	0.292649918549616	0.349456543894599	0.25	0.1	1
CPXM1	0.292997009015525	0.451797549209305	0.25	0.11	1
SLC43A3	0.293365533757631	0.380963617933604	0.25	0.105	1
RFC2	0.294024767240184	0.440411926872478	0.25	0.11	1
ZMYM6	0.294413275182993	0.411720107993788	0.25	0.108	1
HADH	0.294652667170427	0.387612998711694	0.25	0.107	1
TMEM50B	0.294984279138476	0.395275104305368	0.25	0.107	1
HAUS1	0.296602983466212	0.436802197433726	0.25	0.11	1
LOC441454	0.29675194659942	0.389448339977438	0.25	0.108	1
PGK1	0.29902436739889	0.44710945429404	0.5	0.388	1
CALM1	0.29907762805348	-0.479500884655841	0.25	0.571	1
RYBP	0.299463291731275	0.617554220807562	0.25	0.113	1
PPID	0.29948744541732	0.432263287275825	0.25	0.111	1
BSG	0.300177072814905	0.408911024822307	0.25	0.109	1
MORF4L1	0.30056142361215	-0.474684476025466	0.25	0.579	1
CNBP	0.301001897593382	-0.466160173455446	0.25	0.575	1
API5	0.301746078746056	0.421037560773591	0.25	0.111	1
LOC644936	0.3025507449468	0.430339339331241	0.25	0.113	1
CPT1A	0.303385871341524	0.376826655238663	0.5	0.346	1
SRPK2	0.303832847191115	0.574845724078067	0.25	0.114	1
PCMTD2	0.304855598141754	0.383670862415915	0.25	0.107	1
AIDA	0.304961323913158	0.406944848020101	0.25	0.111	1
UPF3B	0.305125547165631	0.415752293360698	0.25	0.11	1
FOS	0.305885081880147	0.338065529272281	0.75	0.507	1
CRIPT	0.306161687773054	0.526312591455724	0.25	0.114	1
SERP1	0.306260754260148	0.370544077795749	0.5	0.365	1
MRPL9	0.306537408465013	0.396249191305847	0.25	0.111	1
MSL1	0.307405104841955	0.369230423978008	0.25	0.106	1
MVP	0.307672538058832	0.364000981258924	0.25	0.108	1
BARD1	0.31006385112249	0.423839813631101	0.25	0.113	1
CSF2RA	0.311724915616743	0.403459563043048	0.25	0.112	1
UBA6	0.311818636995727	0.407504685748611	0.25	0.111	1
PMS1	0.312384069552495	0.55089134862728	0.25	0.116	1
ACTN1	0.312433801790648	0.40084022293646	0.25	0.113	1
RBM39	0.312675474464608	-0.456452015954955	0.25	0.552	1
PAGR1	0.313523038895642	0.42954255696732	0.25	0.113	1
IFT57	0.313919690978794	0.418723964893917	0.25	0.113	1
RPL21P44	0.314486904150832	0.419844537523907	0.25	0.115	1
PRPF19	0.316787544667165	0.403554156523838	0.25	0.114	1
CDK12	0.318265649618991	0.666861103366772	0.25	0.118	1
NSRP1	0.319232695616454	0.384360155520006	0.25	0.112	1
ABCF1	0.319581424285784	0.405800129169037	0.25	0.114	1
SSR4	0.320116816621432	-0.460229101451649	0.25	0.568	1
MDN1	0.320271339149355	0.399648115147436	0.25	0.114	1
HSP90B2P	0.320272242297394	0.407356978878226	0.25	0.116	1
HACD3	0.320346972876876	0.37273138859545	0.25	0.112	1
CYBA	0.32049211413049	0.253180671656573	0.75	0.611	1
ARF4	0.32083286933589	0.425938039385649	0.25	0.117	1
AKAP11	0.321508755748313	0.480196082512881	0.25	0.117	1
AP3S1	0.322617336250796	0.388786077890671	0.25	0.113	1
ARL2	0.323821719003323	0.395455202962507	0.25	0.115	1
SF3B3	0.324175543712528	0.427563074111045	0.25	0.117	1
SYAP1	0.325816609430017	0.546621124748448	0.25	0.119	1
SOS1	0.329071324454007	0.398341476932051	0.25	0.115	1
WASF2	0.32939867294611	0.351799001031645	0.5	0.366	1
ACLY	0.329665199160493	0.406468413608224	0.25	0.117	1
ARPC5	0.329928758659024	-0.4699411028402	0.25	0.624	1
DPP8	0.330074464576402	0.414876205204086	0.25	0.118	1
PPP6R1	0.330743579349349	0.404404924215175	0.25	0.118	1
TNRC6B	0.331534565808765	0.365855480533504	0.5	0.336	1
GSTK1	0.331544179966898	0.34652583669702	0.5	0.386	1
SENP7	0.331551521963555	0.415937930811638	0.25	0.118	1
KMT5B	0.332049193212446	0.387116518734996	0.25	0.115	1
ARSA	0.33232911119855	0.368018740882349	0.25	0.115	1
HSP90B1	0.333320167005831	0.281369724274623	0.75	0.569	1
MAP2K3	0.334933705649369	0.392592545389916	0.25	0.117	1
GMFG	0.335642604515692	-0.450855581422877	0.25	0.58	1
CAND1	0.336025444152639	0.387318486512172	0.25	0.116	1
ARPC1B	0.336638443994	-0.451324093523328	0.25	0.65	1
CUEDC2	0.338449532727793	0.384062140995596	0.25	0.118	1
PMAIP1	0.338606993427493	0.350397248480349	0.25	0.113	1
NUCKS1	0.339906991699845	0.379511070093531	0.5	0.453	1
SLC39A3	0.340171158485911	0.421495211993353	0.25	0.122	1
SMAD2	0.340415695375347	0.37376619062312	0.25	0.116	1
RASSF1	0.340610804891765	0.396155477749539	0.25	0.119	1
PCNT	0.342138796059385	0.399101418706057	0.25	0.118	1
TMEM9B	0.343072709624681	0.377859653860941	0.25	0.119	1
MYSM1	0.343190632022242	0.520467745795729	0.25	0.123	1
ILF3	0.343367095661697	0.335073119764268	0.5	0.374	1
MYC	0.343411509297125	0.351775336622341	0.25	0.115	1
GATC	0.343484129888913	0.378236341473665	0.25	0.119	1
LRRC58	0.343539610420549	0.412155101908216	0.25	0.12	1
H3F3B	0.344476003024863	-0.373936476556073	0.5	0.861	1
SIGIRR	0.345959266002344	0.392499942397061	0.25	0.119	1
CTCF	0.346667929538126	0.39589556688826	0.25	0.121	1
SETD3	0.347009992652154	0.395418071852327	0.25	0.121	1
SLF2	0.347143452566844	0.394038011816393	0.25	0.12	1
MRPL22	0.347590157299173	0.414139732926518	0.25	0.122	1
SUMO2	0.348961329935944	-0.435904925749474	0.25	0.575	1
CTBP2	0.349150823463259	0.393735076733919	0.25	0.122	1
CKAP2	0.349479905172988	0.406646013993726	0.25	0.121	1
SRPK1	0.34988158008196	0.378664032558911	0.25	0.12	1
PHC3	0.351006231233492	0.3626050399807	0.25	0.118	1
SSH2	0.351690270416958	0.34385874171991	0.25	0.116	1
MOB1A	0.352106268465433	0.33921804423011	0.5	0.364	1
CPSF3	0.352150710245995	0.510757677527549	0.25	0.126	1
LCOR	0.35237735383168	0.344279276656479	0.25	0.117	1
MEST	0.353079789022212	0.399044965265303	0.25	0.123	1
UBL5	0.354387288288313	-0.408290060551346	0.25	0.536	1
PSMF1	0.355264168133849	0.409063247988889	0.25	0.124	1
CLIC1	0.356170592398203	-0.420761558070446	0.25	0.559	1
BEX3	0.356259822062269	0.360699725528133	0.25	0.122	1
PYGL	0.356740341336986	0.379962105717915	0.25	0.123	1
ACTR6	0.361008802659233	0.344770736613549	0.25	0.119	1
GPATCH8	0.361133735629261	0.584211684210086	0.25	0.128	1
BRD4	0.363138932638548	0.364234998140847	0.25	0.122	1
SMARCAD1	0.363926699602572	0.350104452472906	0.25	0.122	1
EDF1	0.364187517435888	0.317791758549044	0.5	0.376	1
KDM2A	0.364446545980845	0.380878962264428	0.25	0.125	1
MKI67	0.364482975262227	0.36691605944977	0.25	0.118	1
UPP1	0.366847050319186	0.36032190302683	0.25	0.123	1
UQCRB	0.367512753687101	-0.417742944501246	0.25	0.57	1
RNF114	0.367991246498038	0.54089634396637	0.25	0.13	1
PPP1CB	0.368740056969397	0.328345883444478	0.5	0.361	1
LSM7	0.369522158131722	0.424299547484477	0.5	0.415	1
FNDC3A	0.370527301587045	0.379738272938573	0.25	0.125	1
ATP11B	0.370920914986517	0.366034162430566	0.25	0.124	1
SNHG7	0.371896268409622	0.377600534777225	0.25	0.127	1
SNAP29	0.372131442787247	0.342973672876236	0.25	0.123	1
MSI2	0.372131442866602	0.357891759724746	0.25	0.123	1
PTGES3	0.373242589130562	0.35631039929389	0.5	0.442	1
AHNAK	0.373384241602827	-0.4212073695729	0.25	0.508	1
CASP8AP2	0.373805300017911	0.483121228228814	0.25	0.13	1
GARS	0.376534201078345	0.401107458976515	0.25	0.129	1
HSD17B4	0.376534201305892	0.397166790704406	0.25	0.129	1
PPIL4	0.376948965571216	0.339280092504431	0.25	0.121	1
GABARAP	0.378127168692714	0.350736149056997	0.5	0.484	1
ATP2B4	0.379079357232988	0.374047241974645	0.25	0.127	1
NAE1	0.379284231613691	0.388551739172137	0.25	0.129	1
ERAP1	0.380959565311934	0.33750639012697	0.25	0.124	1
MRPL1	0.381248302386838	0.470893282807686	0.25	0.133	1
FLOT2	0.383344305817603	0.356145296762859	0.25	0.127	1
EMP1	0.385257624060448	0.337942366664086	0.25	0.122	1
RBMS1	0.386356324622324	0.325024631168618	0.25	0.123	1
CFAP97	0.386591578492728	0.485861984762516	0.25	0.134	1
DYNLT1	0.389851902375305	0.334775936974843	0.25	0.125	1
VTA1	0.389901839732658	0.359263683459721	0.25	0.13	1
FIS1	0.390036269205555	0.393436242120831	0.25	0.134	1
PRRC2C	0.39318032705076	-0.390892870270773	0.25	0.519	1
UBA2	0.393673609908485	0.390714553189173	0.25	0.133	1
CHRAC1	0.394656165322742	0.375624860100636	0.25	0.132	1
STAU1	0.394826879913927	0.33171782828029	0.25	0.127	1
INTS8	0.395418206397921	0.353710561864312	0.25	0.131	1
TUBA1A	0.395736422111362	0.314033595875119	0.5	0.371	1
U2AF2	0.395777742089367	0.394136175396299	0.25	0.135	1
GART	0.396606353937207	0.340087446063012	0.25	0.129	1
RPS14P3	0.396686804034025	-0.361128788489184	0.5	0.791	1
C8orf59	0.397341659638428	0.289089667770991	0.5	0.392	1
MRPS33	0.398153150842311	0.393863191282215	0.25	0.135	1
KCNQ1OT1	0.399579250389586	0.353219120499321	0.25	0.128	1
NDUFA13	0.399861039232355	-0.389217769156916	0.25	0.535	1
NAPRT	0.399879302317995	0.329861610159294	0.25	0.132	1
RPL32	0.400902570047758	-0.290604186796973	0.75	0.988	1
HNRNPUL2	0.403192615115289	0.375840116665428	0.25	0.134	1
ACOT13	0.403406078188849	0.368494069397074	0.25	0.133	1
PCMT1	0.403978954600571	0.481331976793928	0.25	0.139	1
LYRM7	0.404624274145031	0.328972220431958	0.25	0.13	1
VPS4A	0.40501645128729	0.371924381263559	0.25	0.135	1
STK17B	0.405754368031021	0.343604297723681	0.5	0.389	1
EEF1D	0.405905835236493	-0.393112297681042	0.25	0.565	1
CD47	0.406065125679529	0.284273749381979	0.5	0.425	1
CPSF2	0.406078634739569	0.376847271639958	0.25	0.134	1
EEA1	0.406788144574032	0.340247527606036	0.25	0.13	1
UBE2L6	0.407533921769997	0.332886332250455	0.25	0.131	1
GRB2	0.407921591888909	-0.382294029632496	0.25	0.601	1
RPS19BP1	0.408907947525053	0.366840791374268	0.25	0.135	1
SNHG5	0.409348996783286	-0.374327800724295	0.25	0.523	1
THUMPD1	0.409598095591772	0.360252179383835	0.25	0.134	1
FKBP2	0.409685592642489	0.367273111973633	0.25	0.136	1
CRLF3	0.409775737021582	0.376707252328862	0.25	0.135	1
TBC1D1	0.410167277338408	0.385906997213935	0.25	0.138	1
RASGRP2	0.410892615745304	0.374931409734189	0.25	0.136	1
PPP4R3A	0.410938873852881	0.340481958226157	0.25	0.13	1
ERLIN1	0.41096369685926	0.374981071073805	0.25	0.137	1
HPRT1	0.411250806553163	0.340856751016026	0.25	0.135	1
MYO5A	0.411476948325399	0.359889108447933	0.25	0.134	1
C11orf58	0.412459557464812	0.298664890011122	0.5	0.495	1
SPN	0.416943565349983	0.331706312397595	0.5	0.471	1
DCK	0.416982021591371	0.37992493798185	0.25	0.138	1
POLR2K	0.417966177250686	0.35176361931185	0.25	0.138	1
TUBB4B	0.419804512310661	0.324646207235791	0.25	0.133	1
CCDC85B	0.420165315360514	0.329750301634333	0.25	0.136	1
SNRNP200	0.420307121063008	0.359921336463499	0.25	0.138	1
PIKFYVE	0.420823199206739	0.335091170949197	0.25	0.135	1
PEBP1	0.42209448371246	-0.384628899887109	0.25	0.542	1
YAF2	0.422923492927869	0.334138502665848	0.25	0.135	1
NME2	0.424561407251007	-0.35937427438368	0.25	0.492	1
ARL6IP5	0.42481079631445	-0.372243982791225	0.25	0.535	1
SWAP70	0.424998964443718	0.357615842763196	0.25	0.139	1
TOPBP1	0.425254623626798	0.326504761580391	0.25	0.135	1
ATP6V1E1	0.426188898674773	0.320808077235022	0.25	0.135	1
ARHGAP1	0.426350538677163	0.336900416650883	0.25	0.136	1
CAPZA1	0.426355342927497	-0.361460030889523	0.25	0.519	1
NCBP2	0.426470400147883	0.345364079896852	0.25	0.139	1
ARID2	0.427221279896048	0.457408179746994	0.25	0.144	1
CBX3	0.427223002935088	0.2718353190358	0.5	0.409	1
DPM3	0.428641156900928	0.453666237320302	0.25	0.145	1
SNHG1	0.428739177631956	0.324876320362819	0.25	0.139	1
PM20D2	0.4288385724768	0.369150233405909	0.25	0.141	1
CKS1B	0.429715872841228	0.364761259389346	0.25	0.141	1
RAB34	0.430423000430369	0.326821785774276	0.25	0.138	1
STAT3	0.430713144140902	0.326853981146075	0.25	0.138	1
NME4	0.43118076295053	0.333880213528291	0.25	0.14	1
SMNDC1	0.431469998432322	0.337534624693966	0.25	0.139	1
UTP11	0.431583886792478	0.322471053464141	0.25	0.137	1
GIT2	0.43235465133691	0.340376940112253	0.25	0.139	1
TAF9	0.432610859881929	0.317590022534783	0.25	0.137	1
CCND2	0.433299496582818	0.327497723346194	0.25	0.135	1
RPA3	0.433773768776093	0.477659663389134	0.25	0.147	1
MEGF9	0.433796180499731	0.323091041037759	0.25	0.136	1
NOB1	0.433808372590096	0.345939464083334	0.25	0.142	1
ANKRD10	0.435517808394106	0.318642644318297	0.25	0.137	1
GNL2	0.436452622712638	0.339441253255898	0.25	0.142	1
NBDY	0.437817246814631	0.327441767769504	0.25	0.14	1
ERP44	0.438359412652455	0.35400045706095	0.25	0.142	1
EDEM3	0.439151560973664	0.331282992569867	0.25	0.14	1
USP7	0.443537223793709	0.308516586243486	0.25	0.138	1
C9orf16	0.443685805824355	0.368603704994608	0.25	0.146	1
SEC61A1	0.443908511721671	0.337722376712172	0.25	0.143	1
TXN	0.444323771803707	-0.345924293171419	0.25	0.502	1
UGGT1	0.444483827270379	0.35077834110176	0.25	0.144	1
FTH1	0.444662683085888	-0.357335075339221	0.5	0.819	1
MACF1	0.444924185631009	0.274280116719256	0.5	0.398	1
DCUN1D1	0.444976856594473	0.345739628552106	0.25	0.143	1
CENPU	0.446269719397561	0.346821785828056	0.25	0.145	1
HIST1H1B	0.446540199786478	0.428540680444812	0.25	0.142	1
SPINK2	0.448516245904892	-0.384198021806313	0.25	0.523	1
PCF11	0.448663014276216	0.459952571964738	0.25	0.151	1
PUM2	0.44929834672658	0.361718734407466	0.25	0.146	1
SCAMP1	0.450547743743282	0.36385061634446	0.25	0.147	1
COPS6	0.450748047600436	0.492757406445224	0.25	0.151	1
CPSF6	0.451876949350491	0.360446466952201	0.25	0.147	1
TCERG1	0.452279638663934	0.557575937929049	0.25	0.152	1
SRSF3	0.45306595931486	-0.352723133796768	0.25	0.513	1
TRIM24	0.4534467488029	0.311442141727772	0.25	0.142	1
TYROBP	0.45369465799855	-0.349687103493086	0.5	0.793	1
NFE2	0.4545974877696	0.334202461921776	0.25	0.145	1
NCOA4	0.454936660329453	0.299661381259447	0.5	0.427	1
UBA3	0.455572545424119	0.425755038483043	0.25	0.151	1
SLBP	0.455771022991353	0.514313830106365	0.25	0.153	1
NT5C2	0.457331540882425	0.344227398144687	0.25	0.147	1
HERC1	0.458723963076815	0.327818274119187	0.25	0.144	1
SRP14	0.458801737913581	-0.342365413210801	0.25	0.53	1
SELENOK	0.459121965255272	0.355416543511202	0.25	0.148	1
CTR9	0.459246431015433	0.300248185766323	0.25	0.141	1
GTPBP4	0.459755129814818	0.303863918930611	0.25	0.142	1
AIF1	0.461009931726648	-0.281396279897931	0.5	0.687	1
CSGALNACT2	0.462963688484615	0.517733743590942	0.25	0.155	1
SREK1	0.463484141590745	0.339949974393478	0.25	0.148	1
POLE3	0.463500757973757	0.495115097155671	0.25	0.155	1
MAPKAP1	0.463675174791598	0.302973035170261	0.25	0.143	1
CCNI	0.466308296826577	-0.327843228337285	0.25	0.503	1
ATP1A1	0.466578788809042	0.347113420770421	0.25	0.15	1
BTAF1	0.468644234021116	0.328341742910105	0.25	0.149	1
KIF2A	0.469786043821631	0.321199801007833	0.25	0.148	1
SMC1A	0.470317778068733	0.339676744230927	0.25	0.152	1
FLJ32255	0.472089236133089	0.462926744884537	0.25	0.157	1
ADSS	0.472359369793314	0.319970186060238	0.25	0.149	1
KIF20B	0.472515646700366	0.348819767706828	0.25	0.15	1
ARPP19	0.472954665389107	0.317770682629676	0.25	0.148	1
COX6B1	0.473387029573175	-0.315561704394799	0.25	0.485	1
NIPSNAP3A	0.473515443180795	0.3219841551958	0.25	0.151	1
IARS	0.474210364237885	0.351043720896355	0.25	0.154	1
PDIA4	0.476538352041097	0.358028220567539	0.25	0.154	1
TPM3	0.476923604613682	-0.338669729992312	0.5	0.826	1
RHOA	0.477299186602579	-0.291734009539398	0.5	0.722	1
SMARCA2	0.477996254343931	0.472182804742762	0.25	0.159	1
NUP50	0.47819395887265	0.463372224617795	0.25	0.158	1
MAGOH	0.479043919638184	0.488456652959724	0.25	0.159	1
ROCK2	0.481207062372683	0.323306913597091	0.25	0.151	1
MARF1	0.481651457658789	0.336616951177957	0.25	0.155	1
LST1	0.482646726416336	-0.306355886320699	0.25	0.556	1
SNHG6	0.48428970555593	-0.325928431359807	0.25	0.513	1
RNF149	0.484366610741385	0.299687726630584	0.25	0.148	1
BAG1	0.485340670108296	0.32796156528998	0.25	0.155	1
CD44	0.486246500710382	-0.318538772695476	0.25	0.501	1
MLLT10	0.486387756890629	0.432201046819938	0.25	0.16	1
PLIN2	0.487197217025077	0.47140526449548	0.25	0.161	1
RABL6	0.488328523066557	0.297244370123158	0.25	0.15	1
NEAT1	0.488765344334733	-0.305150210015526	0.25	0.532	1
WHAMMP2	0.488772892692061	0.313397996758031	0.25	0.151	1
EIF2S3	0.488843270198596	-0.32238882688544	0.25	0.512	1
LIMD2	0.49109744743188	0.286717922963009	0.25	0.149	1
STRAP	0.491999444691547	0.344046918727387	0.25	0.158	1
BIRC2	0.493266710721912	0.443498014712245	0.25	0.162	1
HNRNPDL	0.493737358737729	-0.320941458873575	0.25	0.516	1
MBOAT7	0.494870109743511	0.320053206678585	0.25	0.156	1
TOR1AIP2	0.494989457161543	0.452653241278232	0.25	0.162	1
ACAA2	0.495235752929974	0.289226953158414	0.25	0.15	1
HM13	0.495553997198272	0.311373431444573	0.25	0.156	1
GCA	0.49974866485417	0.286363340419529	0.25	0.153	1
IARS2	0.504649555606052	0.3354736758596	0.25	0.161	1
ARPC3	0.504977327843449	-0.289278739205176	0.5	0.73	1
SCAF11	0.505542015952407	-0.293389970524128	0.25	0.466	1
KIAA0100	0.506517905810944	0.284192525534223	0.25	0.154	1
NDUFA5	0.508798899944511	0.332854020060107	0.25	0.161	1
ATP5L2	0.509534151224392	0.306836791286332	0.25	0.16	1
SUSD6	0.509976134643874	0.27053223962563	0.25	0.151	1
DEGS1	0.510279741695236	0.328514581689921	0.25	0.162	1
NXF1	0.510571210651923	0.294084093831363	0.25	0.155	1
ERAP2	0.511643812696035	0.30944497853788	0.25	0.16	1
ABCE1	0.512321930325947	0.427668723778725	0.25	0.167	1
NACA	0.513897813402153	-0.345159252391456	0.5	0.816	1
C19orf60	0.514076324606423	0.402740849405527	0.25	0.167	1
RNF168	0.514734565677724	0.322454008395659	0.25	0.161	1
UBE2D3	0.514746627231464	-0.282351650906294	0.25	0.463	1
MCM3	0.515459537968722	0.316725218299893	0.25	0.163	1
PTBP1	0.515715670526588	0.322686984274182	0.25	0.164	1
RAB27A	0.51581515703134	0.330906574272057	0.25	0.164	1
ZYX	0.516963857931199	0.330152019666418	0.25	0.166	1
MTF2	0.517222174957322	0.296931992096448	0.25	0.158	1
TMEM160	0.517486190584765	0.303175672204268	0.25	0.161	1
JARID2	0.517670297211007	0.277778118699057	0.25	0.156	1
AK3	0.518843477564587	0.279876880988057	0.25	0.157	1
JAML	0.520557961618954	-0.299048660808737	0.25	0.432	1
ST8SIA6	0.522050242479781	0.409195966041801	0.25	0.169	1
GPBP1L1	0.522097803134003	0.324870207489433	0.25	0.166	1
CLIC4	0.52284218157673	0.307967400499118	0.25	0.163	1
DUSP6	0.522893875119112	-0.272815024571856	0.25	0.535	1
RAB12	0.523118719335668	0.313806692132045	0.25	0.164	1
BBX	0.523141941197495	0.42630314319254	0.25	0.17	1
FAM107B	0.523474056034537	0.305968058839438	0.25	0.161	1
CD300A	0.52409984503503	0.269776620143329	0.25	0.155	1
ITGAE	0.525956504496083	0.416517129356741	0.25	0.171	1
APAF1	0.526205294130205	0.265889792879895	0.25	0.156	1
SRRM2	0.529196821662141	-0.283070491411994	0.25	0.478	1
NBN	0.529593280974096	0.315770922603232	0.25	0.165	1
AHCY	0.530352279764182	0.280807895538841	0.25	0.164	1
STAT6	0.53045308003264	0.382045797744795	0.25	0.171	1
HMGB2	0.532554623133723	0.264850974318612	0.5	0.461	1
NOLC1	0.533878784346729	0.319105753160764	0.25	0.169	1
DBET	0.535766142572255	-0.2783846460631	0.25	0.488	1
CEBPZ	0.536380620660105	0.392903392393323	0.25	0.173	1
MRPS5	0.537198927703263	0.300624379172531	0.25	0.166	1
TLN1	0.538014163125995	-0.253319357656504	0.25	0.525	1
C4orf48	0.538709515648778	0.321452887887569	0.25	0.171	1
GOLGA4	0.538813145179496	0.2970661973236	0.25	0.164	1
EFHD2	0.539138368026155	0.263027822351978	0.25	0.157	1
PPP2R5C	0.543068889645822	0.310553663607663	0.25	0.169	1
SELL	0.543663708272136	0.457338439061638	0.25	0.176	1
EIF2AK2	0.546865264311126	0.260423986410743	0.25	0.161	1
USO1	0.547625430500569	0.264580518510092	0.25	0.164	1
OXA1L	0.548643016860689	0.30143700972816	0.25	0.169	1
BOD1L1	0.548943745217709	0.283853055054143	0.25	0.167	1
MBD4	0.549227506750581	0.261553797762016	0.25	0.161	1
NOL8	0.549335274111713	0.278838540812466	0.25	0.167	1
JPT1	0.5504335201952	0.279388607926547	0.25	0.169	1
TACC3	0.55313690243228	0.314085198905772	0.25	0.174	1
AP2B1	0.553496897261903	0.309673509517525	0.25	0.172	1
TTC37	0.554256153635036	0.277579961578873	0.25	0.17	1
CASC4	0.555346773095675	0.253157273628632	0.25	0.163	1
AGPAT5	0.55552305952125	0.278679474651511	0.25	0.168	1
RPS4Y1	0.555720852348187	-0.250716428527844	0.25	0.448	1
ETF1	0.556054881131193	0.377445042613784	0.25	0.179	1
RALA	0.556199717512185	0.288614878168835	0.25	0.171	1
VBP1	0.557846276584361	0.265188551829691	0.25	0.168	1
MRPL16	0.558199278226645	0.260249301875273	0.25	0.166	1
NDUFA7	0.559214014370045	0.307627334046861	0.25	0.177	1
SQSTM1	0.559530800414227	0.29219858836069	0.25	0.173	1
NUDT21	0.55954207429977	0.2804443945437	0.25	0.173	1
FBXL5	0.562562398256596	0.271785173832127	0.25	0.168	1
FLI1	0.562808795150977	0.254601767677625	0.25	0.165	1
DDX39B	0.566068659195182	0.281198436525354	0.25	0.174	1
H1FX	0.566134324961287	0.294595232481559	0.25	0.178	1
SLC25A6	0.568169973430838	-0.259634445673299	0.5	0.734	1
HSD17B12	0.570211230456293	0.372869271808384	0.25	0.184	1
HSPH1	0.570289443426413	0.301896394396134	0.25	0.179	1
CUX1	0.570430458193328	0.250094833366548	0.25	0.165	1
RBL2	0.570630046185618	0.428244430074885	0.25	0.185	1
ZNF217	0.571403513553165	0.273565184376969	0.25	0.171	1
BTF3L4	0.5715594818065	0.400367827071246	0.25	0.184	1
HELZ	0.573086611007324	0.286824512385391	0.25	0.176	1
WIPF1	0.574322908339399	0.379811883277267	0.25	0.184	1
SCHIP1	0.574479773592198	0.270379068248426	0.25	0.173	1
WHAMM	0.574936390074816	0.252135598336182	0.25	0.171	1
POLR2B	0.575409494759017	0.283164199508917	0.25	0.177	1
LMNB1	0.575627756343634	0.288174002847275	0.25	0.178	1
MRPS36	0.580609927171714	0.251065161245068	0.25	0.171	1
ORMDL1	0.581077718777733	0.253129836438466	0.25	0.169	1
CHMP5	0.582351205335165	0.282184560392378	0.25	0.179	1
CD84	0.58341587550268	0.357881739394102	0.25	0.186	1
UBE2Q2	0.58416167092923	0.260337748721318	0.25	0.172	1
RPL18A	0.585060739742441	-0.538408624563321	0.5	0.965	1
USP3	0.585508806504076	0.273977651191863	0.25	0.176	1
CKS2	0.58878144231351	0.28762842929761	0.25	0.181	1
PABPC4	0.589024387141149	0.295808286559661	0.25	0.185	1
CHD8	0.589597445933338	0.284162685430825	0.25	0.183	1
ATXN7L3B	0.590459431001726	0.376147256434775	0.25	0.19	1
DCP2	0.591180777593197	0.268287281517148	0.25	0.18	1
CCDC144B	0.592603285603848	0.270995753587512	0.25	0.18	1
STX16	0.595678147049632	0.257124227118249	0.25	0.176	1
CEP57	0.596775414991963	0.279348350440483	0.25	0.181	1
HTATSF1	0.597214435095765	0.374464880437182	0.25	0.191	1
ERBIN	0.597532328990581	0.261004020957364	0.25	0.176	1
DPY30	0.599809589690501	0.29328728763226	0.25	0.188	1
SVIP	0.600666971465656	0.252535005449139	0.25	0.179	1
AP3B1	0.604216746834298	0.254248509005345	0.25	0.182	1
EMC4	0.608325367205421	0.253989170590995	0.25	0.183	1
UQCRC2	0.610422041156379	0.370177268161054	0.25	0.195	1
OGT	0.611383184743676	0.377696436966731	0.25	0.195	1
USP34	0.612888400469703	0.456315702741254	0.25	0.197	1
ZNF706	0.612967871492372	0.262221767151229	0.25	0.189	1
PTPN11	0.613351056944966	0.336127070109382	0.25	0.194	1
RPAIN	0.61489796927093	0.252768368946321	0.25	0.187	1
MORF4L2	0.616631713063988	0.253713206074813	0.25	0.185	1
QARS	0.6169819417685	0.355299055323926	0.25	0.197	1
ETFB	0.618195428424962	0.279138062366014	0.25	0.193	1
BDP1	0.618904261226571	0.252914645235199	0.25	0.184	1
SLK	0.624070615710956	0.257877867158793	0.25	0.189	1
RBBP6	0.625033955010175	0.437296588178711	0.25	0.201	1
LSM2	0.626519642997592	0.370467585537071	0.25	0.201	1
SEPT11	0.629078325848552	0.25043463888559	0.25	0.19	1
KATNBL1	0.631887298652542	0.358902692429322	0.25	0.201	1
CHD2	0.635121164348417	0.359809455001292	0.25	0.201	1
GOLIM4	0.638889215696728	0.266228893442722	0.25	0.196	1
RPL19P12	0.639601528536204	-0.275883032227547	0.5	0.757	1
CYLD	0.639753060712788	0.30278112813706	0.25	0.201	1
IGBP1	0.643806577922293	0.257429079855718	0.25	0.198	1
PDCD10	0.645479170284808	0.336269257837094	0.25	0.205	1
SPART	0.648382173436935	0.349892610730888	0.25	0.206	1
CRBN	0.648999962550476	0.253678145445627	0.25	0.196	1
GLG1	0.649493213815387	0.368936676193958	0.25	0.207	1
STOM	0.65368514336127	0.346819612623455	0.25	0.208	1
RAD23A	0.657856855708889	0.347747663437235	0.25	0.21	1
TMEM205	0.658013834954945	0.396451330097662	0.25	0.211	1
LGALS3BP	0.665842172417468	0.327364777543427	0.25	0.213	1
LITAF	0.67299203482027	0.293221726134232	0.25	0.211	1
CAPNS1	0.674204845152127	0.317834474679796	0.25	0.214	1
IMPDH2	0.676804651133036	0.260226893273394	0.25	0.21	1
SRGN	0.677335244663297	-0.353605275289533	0.5	0.864	1
PRPF4B	0.68284808937386	0.338558754247903	0.25	0.217	1
ANKHD1	0.687467015214811	0.320121019605011	0.25	0.218	1
MRPS34	0.696058280218174	0.360231506460908	0.25	0.223	1
TXNL1	0.712955651020055	0.314039823344163	0.25	0.228	1
SNU13	0.721506761524444	0.319062552367642	0.25	0.23	1
ADK	0.721510479253504	0.300800017194749	0.25	0.228	1
MTIF3	0.728984817330969	0.312463487681663	0.25	0.232	1
ECH1	0.739252065593507	0.296868768198436	0.25	0.236	1
GLS	0.747776996157067	0.300538064331732	0.25	0.238	1
MSRB3	0.748954087280943	0.281221199587666	0.25	0.236	1
RNASEH2B	0.755450341967126	0.310569003254282	0.25	0.242	1
SPEN	0.755820558971102	0.288815192323532	0.25	0.239	1
BAZ2B	0.77541166966346	0.271081744667267	0.25	0.245	1
ZKSCAN1	0.788584856537396	0.329025050282866	0.25	0.253	1
SETD2	0.812652470661794	0.253128865114382	0.25	0.258	1
SKAP2	0.818205048842671	0.307180959097806	0.25	0.264	1
HNRNPUL1	0.830894348104628	0.257421968636655	0.25	0.267	1
ZRANB2	0.833681912625821	0.250202155708547	0.25	0.266	1
UXT	0.838778346697241	0.300506184206348	0.25	0.271	1
TIMM13	0.840246936371062	0.274633025744611	0.25	0.272	1
CCT2	0.86208027713459	0.26075033970886	0.25	0.278	1
SMC4	0.871771771388361	0.374384012512449	0.25	0.284	1
NDUFB7	0.916530226112363	0.269094794291671	0.25	0.3	1
RPS27A	0.932278890822513	-0.259051937933709	0.75	0.995	1
CCT4	0.972256136903873	0.256771016175283	0.25	0.322	1
