Genes	p_val	avg_log2FC	pct.1	pct.2	p_val_adj
HOXB5	3.9145881447842e-06	0.695548713812431	0.3	0.035	0.109213094651334
MAN2A2	3.01749124583725e-05	0.809973048131622	0.4	0.074	0.841849882676134
IFT88	3.72912236595981e-05	0.580373866807071	0.3	0.042	1
TEP1	7.06153058528353e-05	0.64773068299727	0.3	0.046	1
ACTB	0.000113492528671765	-0.819236606731602	0.5	0.956	1
OAZ1	0.000135973132645128	-1.17653975216755	0.1	0.752	1
S100A4	0.00018418303210001	-1.22534199885659	0.1	0.755	1
ERV3-1	0.000294272140545355	0.65536567252808	0.3	0.054	1
SPOUT1	0.000338963016824668	0.741582519004182	0.3	0.055	1
HLA-DRA	0.000398521053546212	-0.983225155983037	0.3	0.822	1
H3F3B	0.000431889484250316	0.409342879796167	1	0.86	1
EZH1	0.000499618199377653	0.650158029657486	0.3	0.057	1
LAPTM5	0.000674614508526684	-1.13241372950721	0	0.601	1
SLC35A3	0.000718491377397901	0.600898203763281	0.3	0.059	1
CD74	0.00072048022469775	-0.651535761910624	0.6	0.913	1
JUN	0.000736413121139806	0.875141752422079	0.5	0.166	1
HNRNPA1	0.00100189579511243	0.381662616517835	1	0.82	1
LGALS1	0.0011624029720111	-1.10462135301769	0.1	0.685	1
DBI	0.00118029843972912	-1.11293597201712	0	0.568	1
COA5	0.00120186710953696	0.758345445695016	0.4	0.113	1
KMT2E-AS1	0.00129631484119816	0.57023466408177	0.3	0.063	1
SFTA3	0.00153014423732024	0.639231439586214	0.3	0.065	1
TMSB4X	0.00211549078803305	-0.427103967312892	0.8	0.974	1
H2AFY	0.00227897221648032	-0.944134130432417	0.1	0.624	1
RPL19P12	0.00273541686858061	-0.892039733601683	0.2	0.758	1
GDI2	0.00291664902595188	-0.96070748477146	0	0.511	1
HLA-DRB1	0.00301147785003674	-0.893637796860609	0.2	0.702	1
CFD	0.00301410243650471	-1.0540046540921	0.1	0.616	1
ITGB2	0.00307001622137137	-0.982966436769211	0	0.508	1
CRIP1	0.003180347367845	-1.08338082572113	0	0.505	1
CD44	0.0033199659617767	-0.977555128696993	0	0.502	1
MZB1	0.00378599849710632	0.606727225537713	0.3	0.076	1
VIM	0.00381590487097027	-0.568893912905152	0.6	0.889	1
ATP5G3	0.00431021876912573	-0.920327341316137	0	0.485	1
S100A6	0.00442649520611581	-0.913209301016716	0.1	0.669	1
CD52	0.00444295427165165	-0.824198173837919	0.3	0.804	1
SLC25A3	0.00452678273986136	-0.906499355843653	0	0.481	1
SF3B4	0.00463504845259557	0.567885526574617	0.3	0.078	1
COX14	0.00465909738334894	0.639273979788837	0.5	0.204	1
HCST	0.00559401267718591	-0.888390966554405	0	0.466	1
WDR82	0.00581834014316471	0.734243018470951	0.4	0.139	1
SSR4	0.00632685162759469	-0.836766611010966	0.1	0.569	1
APH1A	0.0069377955077471	0.624816381988568	0.4	0.144	1
ARPC2	0.0073871307508992	-0.717775528043043	0.3	0.752	1
EIF2AK1	0.00738999416887272	0.642030526488391	0.5	0.227	1
ADSS	0.00753263954235642	0.641642533720557	0.4	0.148	1
PSAP	0.00804593303583695	-0.85933389908999	0.1	0.575	1
PSME1	0.00810438787607097	-0.826393681660415	0.1	0.599	1
KIF20B	0.00830883567790034	0.689769603159446	0.4	0.15	1
UQCRH	0.00838249182942212	-0.822585849317666	0	0.436	1
JAML	0.00880123308694981	-0.91885479338391	0	0.433	1
LCP1	0.00885118379560146	-0.694619299216765	0.3	0.765	1
MT-ND4L	0.00984734568317977	0.543191330827483	0.7	0.451	1
HLA-DPA1	0.00989070889345455	-0.818619306860758	0.2	0.698	1
RPL9	0.0102590992682702	-0.258599235965867	0.9	0.994	1
ATP5B	0.0105213584399811	-0.794962749647481	0	0.419	1
SLC25A6	0.0106560775440077	-0.686169762446143	0.3	0.734	1
NFYB	0.0107419428150084	0.541892409244631	0.3	0.09	1
ARPC1B	0.0112697208347883	-0.726902375089018	0.2	0.651	1
COX6A1	0.0114373172300814	-0.782321343608314	0.1	0.578	1
NEUROD2	0.0118966046450306	0.539015017534933	0.3	0.091	1
ARID4B	0.0119766455854694	0.666658529575583	0.5	0.243	1
BCLAF1	0.0127380071479272	-0.777225055806509	0	0.404	1
PTBP3	0.0133850496864596	-0.782477896881956	0	0.4	1
LYZ	0.0136057772162832	-1.06597873533193	0.1	0.526	1
HLA-DRB5	0.0136523765177101	-0.758937606964238	0.1	0.58	1
PQLC3	0.0140336956911825	0.520965436462702	0.3	0.093	1
SEPT7	0.0145272421568651	-0.761116045124548	0	0.394	1
AGPAT5	0.0146908460735499	0.628978982500075	0.4	0.167	1
DYNLL1	0.0147176574627349	-0.757703850852787	0	0.393	1
ARPC3	0.0154395119135317	-0.745209659149794	0.2	0.731	1
TPM3	0.0155461688935011	-0.735401861512587	0.3	0.827	1
PARK7	0.0162163980320337	-0.732069510445378	0	0.385	1
PRPF40A	0.0162685627608891	-0.754972919533639	0	0.384	1
MT-ND3	0.0165286245700985	0.327069782730343	0.8	0.755	1
TTC19	0.0167250649654469	0.57598756341527	0.4	0.164	1
ARPC5	0.0169741210059293	-0.705101263360711	0.2	0.625	1
TOMM7	0.0170563551574571	-0.71808808994218	0.1	0.539	1
XBP1	0.0176770870160584	-0.738751138007104	0	0.378	1
EDF1	0.0177896976573407	-0.714235610647919	0	0.377	1
TRAM1	0.0180167920766931	-0.747549216157619	0	0.376	1
GSTO1	0.0180167923650388	-0.717406575402976	0	0.376	1
CAP1	0.0183008320490309	-0.68848086171105	0.2	0.699	1
ILF3	0.0183042008339217	-0.726519898272809	0	0.375	1
DEK	0.0186543453291471	-0.739119064268754	0	0.373	1
TLN1	0.0187977998618143	-0.724178404480994	0.1	0.526	1
PSMB10	0.0191302515219262	-0.701180664272324	0	0.371	1
PSMA7	0.0191314229120338	-0.717098133740515	0.1	0.534	1
MRPL16	0.0192798191805872	0.540380159247973	0.4	0.166	1
C1QBP	0.0193114165986573	-0.702983640575271	0	0.37	1
FNIP1	0.0194012132419161	0.521145260768531	0.3	0.098	1
ZFP36L2	0.0195837185276239	0.352556342990447	0.8	0.657	1
JCHAIN	0.0200426787561784	0.699448571114275	0.3	0.099	1
TYROBP	0.0201626441833782	-0.586862667722053	0.4	0.794	1
PSME2	0.0217385489506693	-0.689451658578825	0	0.36	1
CTSD	0.0218733149284402	-0.699033956289412	0	0.36	1
RPS14P3	0.0218768516059847	-0.676701418283877	0.3	0.792	1
NBPF14	0.022045489194852	0.520624867151427	0.3	0.102	1
CYBA	0.022936238766151	-0.659084943912633	0.2	0.612	1
USP32	0.0230842775775686	0.621324637260591	0.3	0.106	1
C5orf42	0.023332731221896	0.616228047239879	0.3	0.106	1
ATPIF1	0.0236924163510619	-0.679118521847032	0	0.353	1
C20orf24	0.024130373175404	-0.678720174856836	0	0.351	1
GNAS	0.0243071628256921	-0.677185014245946	0.1	0.487	1
DNAJC8	0.0245006848720911	-0.677604724333198	0	0.35	1
EMB	0.0246854224807547	-0.642774317597656	0.3	0.712	1
MLEC	0.025027399243005	-0.685917894274357	0	0.348	1
KPNB1	0.025256122680728	-0.677169955789972	0	0.347	1
EVI2A	0.0254096103694849	-0.696438591921626	0	0.347	1
SEPT2	0.0255639064936485	-0.66705624664715	0	0.346	1
RNA5-8S	0.0256637419714733	-0.708801648958385	0.1	0.502	1
NDUFC2	0.0259532063817921	-0.65142964599885	0	0.345	1
FTH1	0.0262292961792271	-0.67410614082009	0.3	0.82	1
CDK6	0.0264181655722346	0.470714401196894	0.7	0.48	1
PNISR	0.0273887445328516	0.489208560012832	0.6	0.417	1
CHTF8	0.0274785447985517	0.498641203367102	0.3	0.107	1
SP100	0.0275622846221921	-0.66590034307273	0	0.34	1
CEBPZOS	0.0278731416166778	0.620411715856719	0.4	0.185	1
TMEM59	0.0289111327809464	-0.644377051728277	0	0.336	1
SAMHD1	0.0289551932186601	-0.682160337874849	0.2	0.558	1
RAB24	0.0289954872982509	0.582962693518927	0.3	0.112	1
HLA-B	0.0292757607497186	-0.375424938041809	0.7	0.931	1
ROCK1	0.0294315010941814	-0.668319979704731	0	0.334	1
GPX1	0.029517879075576	-0.515938462259257	0.5	0.845	1
NDUFB1	0.0296067517864379	-0.644434776251478	0	0.333	1
RBX1	0.0296947153116796	-0.634343250870337	0	0.333	1
RNASE6	0.02978290597815	-0.682364931771559	0	0.333	1
TSC22D3	0.0298713226645073	-0.709338154067756	0	0.333	1
NAA38	0.0298713231195762	-0.630119788434336	0	0.333	1
FUBP1	0.0303171471396677	0.518958170948648	0.5	0.278	1
TPM4	0.0306822326623278	-0.643531876053524	0.1	0.517	1
ZBTB7A	0.0310323303463986	0.541117434575526	0.3	0.109	1
GLIPR1	0.0311211901840835	-0.668653897454633	0.1	0.462	1
EIF3I	0.0311332717500212	-0.629514010648718	0	0.329	1
NDUFB9	0.031409619511285	-0.635360455665401	0	0.328	1
NASP	0.0315022071185572	-0.666091431010339	0	0.328	1
SLC25A5	0.0317544159297117	-0.643764585708121	0.1	0.466	1
NME2	0.0329518887417262	-0.652651729815374	0.1	0.493	1
RNASE2	0.0333068717448022	-0.684071788562127	0	0.323	1
ARF6	0.0335998537453467	-0.643859646743209	0	0.322	1
GUK1	0.0336980098597064	-0.619701571926805	0	0.322	1
CCNL2	0.0342091241011842	0.586523768882135	0.4	0.193	1
CPVL	0.0344922436209177	-0.709861209111734	0	0.32	1
KHDRBS1	0.0345926537098618	-0.624443494433037	0	0.319	1
PTPRCAP	0.0346933174433419	-0.657817247306176	0	0.319	1
CLEC12A	0.0346933181463946	-0.635091084154371	0	0.319	1
ARGLU1	0.0358786447401911	0.483194253159358	0.7	0.541	1
C4orf3	0.0362340310288021	-0.612860283552181	0	0.315	1
DAB2	0.0374064141935381	0.471943242815461	0.3	0.113	1
MAN1A2	0.037616932256614	-0.627491202391583	0	0.312	1
TUBA1B	0.0376273406736325	-0.678972863952579	0.1	0.469	1
YWHAB	0.0379386131255706	-0.613092475012368	0.2	0.639	1
RLIM	0.0380515388892825	-0.584630657591011	0	0.311	1
ALDOA	0.0380518118585607	-0.600982849597312	0.2	0.58	1
ANAPC5	0.0382704695531187	-0.604807238355153	0	0.31	1
KMT2A	0.0383246183496258	0.526035268611279	0.6	0.423	1
HIST1H1D	0.0388225789095262	-0.699902921796675	0	0.309	1
CCNI	0.0388578370221357	-0.518306694463359	0.1	0.504	1
SMARCC1	0.0390453476877096	-0.611140876737734	0	0.308	1
GABARAP	0.0391791396697588	-0.617054199273409	0.1	0.485	1
RPL6	0.0394091210412519	-0.296476819266002	0.8	0.977	1
SMG1	0.0400409799006416	0.436614881185662	0.6	0.422	1
FGL2	0.041217536985318	-0.741668616904178	0	0.303	1
TRA2B	0.0413347068920523	-0.591496399949194	0	0.303	1
LAMTOR1	0.0413347070917699	-0.585717278006939	0	0.303	1
RPS2	0.0416350154988105	-0.359696382048801	0.7	0.949	1
NDUFB7	0.0422825137197287	-0.57185754920032	0	0.301	1
GMFG	0.0425048205534022	-0.589695472872043	0.2	0.581	1
MRPL57	0.0425223890542905	-0.578566936795148	0	0.301	1
HOXA9	0.0427634428071982	-0.598057711296015	0	0.3	1
ENY2	0.0431272459529787	-0.576279735438706	0	0.299	1
SH3BGRL	0.0434933030609249	-0.602451384681287	0.1	0.464	1
HLA-A	0.0437159878092754	-0.464543517384443	0.5	0.813	1
STK4	0.0437395493800815	-0.59881419891343	0	0.298	1
ATF6	0.0439866168933948	0.510513693255867	0.4	0.197	1
HLA-DRB6	0.0441105388446577	-0.594810036970648	0	0.297	1
MAPK1	0.0444651634070395	0.532433284529924	0.3	0.121	1
SKP1	0.044546528834189	-0.566638576737536	0.1	0.485	1
TMBIM4	0.0454942866037018	-0.578682191057076	0	0.294	1
GAS5	0.0456440257766836	0.291877352580962	0.8	0.741	1
HMGA1	0.0458781445001469	-0.559732569007148	0	0.293	1
RNASET2	0.0459366585386741	-0.589876686135045	0.1	0.468	1
ASNSD1	0.0461657986332749	0.487091768234873	0.3	0.121	1
SOD1	0.0463872762527637	-0.589243351019645	0.1	0.438	1
TUFM	0.0463943237953381	-0.57177076597464	0	0.292	1
CLINT1	0.0465241535133915	-0.571977789451968	0	0.292	1
PPIB	0.046654298160081	-0.551416754098682	0	0.292	1
MIR4426	0.0467847583339296	-0.539298872198446	0	0.292	1
METTL9	0.0470466286637577	-0.567706688985134	0	0.291	1
FLJ44635	0.0470468723686762	-0.530612745236882	0.3	0.643	1
EIF3A	0.0471788601037419	-0.589803362511793	0.1	0.43	1
PGD	0.0473097701779525	-0.565456629028298	0	0.291	1
ETS2	0.0473097704392321	-0.604663522345392	0	0.291	1
CTSS	0.0475640881976246	-0.647733377756832	0.2	0.543	1
ANXA2	0.0479732188964273	-0.613196048618763	0	0.289	1
ZNF428	0.0486045299251294	0.448719569671186	0.3	0.12	1
ZC3HAV1	0.0488384589797254	0.517584742539553	0.4	0.209	1
FAM30A	0.0490515367134849	-0.597388130751256	0	0.287	1
BMI1	0.0494612947887374	-0.568786023174564	0	0.286	1
EIF4A2	0.0498291382497789	-0.487337800834934	0.2	0.596	1
STARD7	0.0498740227499249	-0.560739076723143	0	0.286	1
RPS11	0.0499373065041312	-0.303164920063145	0.8	0.99	1
TAGLN2	0.0499449545700467	-0.549463959921724	0.3	0.647	1
NDUFB11	0.0500122615237317	-0.538859014209405	0	0.285	1
WDR83OS	0.0505685471358487	-0.542193739131106	0	0.284	1
MYL12B	0.0509163273980288	-0.571034489796974	0.2	0.592	1
TALDO1	0.0509802610053599	-0.569124164589087	0.1	0.429	1
RPSAP9	0.0514356198724717	-0.552394038736571	0.1	0.429	1
COX5A	0.0515076827254927	-0.564306811509016	0.1	0.425	1
CORO1A	0.0518007769506508	-0.566504608439024	0.1	0.429	1
PSMB3	0.0518398769748838	-0.546164435321894	0	0.282	1
TNFSF13B	0.0524137634634443	-0.558183873622649	0	0.281	1
TOMM20	0.0528677664952172	-0.56389498347415	0.1	0.424	1
MTDH	0.0530253284170424	-0.573152310897835	0.1	0.451	1
DPP7	0.0534313539382353	-0.53012170242436	0	0.279	1
NMI	0.0538726910665563	-0.534884135774756	0	0.278	1
CHCHD2	0.0544829579723562	-0.582210329899974	0.2	0.585	1
CUTA	0.0550651164968719	-0.527503360001215	0	0.276	1
GNAI2	0.0552157698188407	-0.538048552612161	0	0.276	1
KCNQ1OT1	0.0553665268755177	0.531453053692825	0.3	0.127	1
GADD45GIP1	0.0553667822287118	-0.536199319752154	0	0.276	1
CARD8	0.0555181535084485	-0.540976617253862	0	0.275	1
ARF5	0.0556698839254524	-0.534078905756466	0	0.275	1
BRK1	0.0556698840969051	-0.534077800540203	0	0.275	1
ACADVL	0.0556698843969473	-0.537850633070609	0	0.275	1
LDHA	0.0559209607509737	-0.511362504291	0.1	0.468	1
ANKRD42	0.0559744276615856	-0.509776502972674	0	0.275	1
SEC62	0.0561272419098017	-0.535321863187045	0	0.274	1
RNF24	0.0563249555534046	0.472461144621945	0.3	0.127	1
NAPSB	0.0565878631373641	-0.619357648430989	0	0.273	1
MLF2	0.0571227414691653	0.559418755648551	0.3	0.132	1
NRDC	0.057675453311853	-0.532670885813409	0	0.272	1
NDUFB10	0.0578322978831796	-0.52321544594314	0	0.271	1
PKM	0.0581406509147669	-0.545102415762542	0.1	0.414	1
CD302	0.0588436597331309	-0.552576505480726	0.1	0.417	1
ITGA4	0.0601079394758057	0.402945238305512	0.6	0.414	1
SCP2	0.0602299093092773	-0.522948712022686	0	0.267	1
PRDX5	0.0602299101343477	-0.514842151212158	0	0.267	1
DDOST	0.0605560368401257	-0.508527706515701	0	0.267	1
RPL22	0.0605750928139049	-0.311622976494707	0.7	0.901	1
RAB10	0.0612129074789165	-0.523160050390952	0	0.266	1
LMAN2	0.0613780912211418	-0.508098730480149	0	0.266	1
C19orf53	0.0613780914074681	-0.510610935540192	0	0.266	1
HMGN1	0.0615338443981667	-0.541112314775788	0.1	0.435	1
PIM1	0.0615436630376022	-0.54705140650728	0	0.265	1
SCRN1	0.0619348903823513	0.540591776762996	0.3	0.133	1
PYCARD	0.0620553348480876	-0.53696786347183	0.1	0.445	1
ATAD2	0.0636176933036086	0.53582974179673	0.3	0.133	1
METAP2	0.0638222969709591	0.474058667917824	0.4	0.214	1
SSB	0.0644185392265985	-0.497159111256541	0	0.261	1
TNFSF13	0.0645912341211916	-0.513223318651382	0	0.261	1
PARP8	0.0647643327275864	-0.522924453200601	0	0.26	1
CFL1	0.0647808997074666	-0.540289445251901	0.3	0.69	1
EIF3K	0.0656040539678384	-0.520839920064721	0.1	0.442	1
SMARCE1	0.0656359068535714	-0.50198483437555	0	0.259	1
GSN	0.0659873900801363	-0.507089771644924	0	0.258	1
MDH1	0.0659873905756693	-0.500515420784985	0	0.258	1
PHF11	0.0665982558227592	0.452229822877456	0.3	0.131	1
PTPN6	0.0666952851264777	-0.504369621835741	0	0.257	1
CLIC1	0.0668290529961921	-0.527598301620005	0.2	0.56	1
HSPE1	0.0672305460526389	-0.505624096071246	0	0.257	1
MYDGF	0.0672305461029894	-0.484923209803209	0	0.257	1
CNN2	0.06723054615334	-0.513474086031366	0	0.257	1
EIF4A1	0.0674004382557981	-0.557924874093777	0.2	0.607	1
PSMC1	0.0674097971920738	-0.499006920799014	0	0.256	1
MIF-AS1	0.0674097973939353	-0.482437945871744	0	0.256	1
NSD1	0.0675894658330489	-0.517899012378828	0	0.256	1
LRRC75A-AS1	0.0680004718811814	0.27789497507458	0.9	0.767	1
WAC-AS1	0.068079402419464	0.441031588695917	0.3	0.13	1
RAC2	0.0686120459407655	-0.51468357565158	0.1	0.427	1
STK17B	0.0688790072375322	-0.552757164743922	0.1	0.389	1
AK2	0.0690419243494404	-0.487658292942447	0	0.254	1
ZNF326	0.0690864688258166	0.517648274495987	0.4	0.215	1
BNIP2	0.0692253839373733	-0.501893380329859	0	0.254	1
OSTC	0.0695704646880397	-0.519121864210165	0.1	0.399	1
ARPC4	0.0695935798230151	-0.497811479145415	0	0.253	1
SNRPF	0.0695935801601141	-0.480702631782934	0	0.253	1
UHMK1	0.0695935806268666	-0.521473741293784	0	0.253	1
LYPLA1	0.0701490822558293	-0.497569678173285	0	0.252	1
NDUFB8	0.0707084534508623	-0.488750404499084	0	0.252	1
DCAF8	0.0707836217102059	0.48536221459452	0.3	0.138	1
C14orf2	0.0708940152480949	-0.511362646760017	0.1	0.432	1
RAB7A	0.071271718985612	-0.499866715428415	0	0.251	1
XAF1	0.0720288375935634	-0.532160620772044	0	0.25	1
MYL6	0.0722962555666519	-0.442736885211551	0.5	0.829	1
CKLF	0.0723835066134692	-0.529027777789583	0.1	0.391	1
TMSB10	0.0732080006076561	-0.269741435900491	0.8	0.974	1
ATP5O	0.0732464229627566	-0.511759134627277	0.1	0.426	1
FRG1	0.0735563263921735	0.447463351285364	0.3	0.135	1
XPC	0.073635173588703	0.445099186081588	0.3	0.134	1
HMGN2	0.0746786127752221	-0.546035408107319	0.2	0.569	1
PFN1	0.0747303309987468	-0.53090925493852	0.3	0.744	1
NCL	0.0759915219296127	-0.544652447535818	0.2	0.604	1
PDE7A	0.0764457074239594	0.47988370758931	0.3	0.139	1
OST4	0.076519485900496	-0.48924032179578	0.1	0.425	1
TSPO	0.0770256546954639	-0.512489099919812	0.2	0.522	1
LDHB	0.0771701867488329	-0.50637248691941	0.1	0.427	1
CST3	0.0773538347478807	-0.525994195480296	0.3	0.664	1
LRRFIP2	0.0774014179827372	0.458089168227929	0.3	0.139	1
GRN	0.0788918395725347	-0.462277322356343	0.1	0.432	1
LSM7	0.0792414515615875	-0.497561207287252	0.1	0.416	1
TTC17	0.080718232112652	0.461461851811858	0.4	0.238	1
LOC107984974	0.0818963922606768	-0.519069197965236	0.2	0.563	1
SPTLC2	0.0822777524183362	0.415848229363766	0.5	0.334	1
EVI2B	0.0827305993584241	-0.508341978516386	0.1	0.406	1
GPATCH2L	0.0854669336323379	0.508402486290883	0.3	0.145	1
RPSAP58	0.086044974367569	-0.484445635161782	0.3	0.639	1
RPS26	0.0868993479993351	-0.471218672068728	0.1	0.413	1
IL6R	0.0874732574359263	0.505500087134517	0.4	0.248	1
DNAJA2	0.0877652713238944	0.522302867037255	0.3	0.147	1
SREK1	0.0877861828880097	0.521116927881695	0.3	0.148	1
UQCRQ	0.0885076293401028	-0.47240456166395	0.1	0.412	1
EIF4B	0.0898577907226341	0.279694378291617	0.8	0.681	1
CAPZB	0.0921333212768104	-0.465698616321455	0.1	0.405	1
TRIM24	0.0946564747463773	0.49740566415649	0.3	0.142	1
RPL15	0.09707431364453	-0.279923121309184	0.8	0.99	1
PCM1	0.0974073745175681	-0.42717088377219	0.1	0.409	1
RPS5	0.0979524869589671	-0.33331082532062	0.7	0.922	1
LARP1B	0.0984287125572543	0.429851577960734	0.3	0.145	1
COX7A2	0.09882018643461	-0.473879002624197	0.2	0.53	1
YWHAE	0.0988450261257763	-0.478328475005363	0.2	0.512	1
RUFY1	0.0998134767436587	0.508034152091199	0.3	0.153	1
XRCC5	0.101289737090713	-0.460390357652855	0.1	0.39	1
EIF3G	0.102535185710859	0.432722183178804	0.4	0.245	1
SELENOF	0.102591889066437	-0.450444969249337	0.1	0.394	1
PGK1	0.106129007388463	-0.439339791730934	0.1	0.389	1
ATP5F1	0.107853387402248	-0.445593505130479	0.1	0.379	1
GSTK1	0.108013655994804	-0.434089856710375	0.1	0.387	1
PTP4A2	0.10811622144972	-0.451823276900736	0.1	0.385	1
TMBIM6	0.108546614807371	-0.471156047269047	0.2	0.55	1
HP1BP3	0.110900980054791	0.469521970506884	0.5	0.411	1
HMGB2	0.111060665716672	-0.50978137842427	0.2	0.462	1
ROCK2	0.111477478556973	0.45621128668358	0.3	0.15	1
RTN3	0.111487245792374	-0.430603622275002	0.1	0.387	1
RSL24D1	0.113375396530868	-0.444685240965669	0.2	0.476	1
SRSF2	0.113919054168203	0.386298995508034	0.5	0.393	1
CTSB	0.114755296165241	-0.435904113658483	0.1	0.381	1
TUBA1A	0.115419902682144	-0.453998205092554	0.1	0.372	1
EIF4G2	0.11641604956238	0.378243624495088	0.5	0.39	1
CNOT2	0.116417020810582	0.43479132760887	0.3	0.157	1
TIAL1	0.116540903183283	0.417373311250993	0.4	0.256	1
HSP90AB1	0.11865895409726	-0.465717082252318	0.4	0.753	1
KPNA6	0.119123931513571	0.456288638605556	0.3	0.152	1
MYH9	0.120862433238085	0.486358781489188	0.4	0.267	1
SET	0.121033554237586	-0.467121194754888	0.2	0.547	1
SNHG8	0.121221275149571	0.425392858101848	0.5	0.402	1
FTH1P3	0.121319624443974	-0.443373871950041	0.2	0.485	1
CALM2	0.122412855675979	-0.441903514471497	0.4	0.762	1
PCBP1	0.12585718401268	-0.406556644814438	0.1	0.372	1
HSD17B11	0.127648468389015	0.435273481814598	0.5	0.399	1
FNBP1	0.12961942995932	-0.372577704702689	0.1	0.377	1
TIMP1	0.130016403434641	-0.412177228144503	0.1	0.369	1
MOB1A	0.130268486512703	-0.415372464291916	0.1	0.365	1
PPP1CB	0.130378716916029	-0.427067112408342	0.1	0.362	1
TARP	0.133540850209182	-0.407842771663733	0.1	0.356	1
COX6C	0.134073930691266	-0.417579721007314	0.2	0.495	1
NPC2	0.134610054412186	-0.34548446905033	0.1	0.374	1
ANKRD36C	0.135659828292106	0.543593306784694	0.3	0.168	1
PLEK	0.135702966459142	-0.43180716805846	0.2	0.477	1
ID2	0.136305334451857	-0.450188231472499	0.1	0.351	1
NFKBIA	0.136524643551358	-0.42887767835805	0.1	0.33	1
TAOK3	0.137424863788415	0.406459828693649	0.4	0.275	1
VSIR	0.140390904252451	-0.400784003805386	0.1	0.352	1
C6orf62	0.140571070668279	-0.420748718021238	0.1	0.353	1
XRCC6	0.142416820364418	-0.384026267385808	0.1	0.36	1
HLA-C	0.142650143046271	-0.410773366258718	0.4	0.724	1
ACTG1	0.142955501236316	-0.357151047388234	0.6	0.872	1
SON	0.144397466036803	-0.412915468217003	0.2	0.469	1
PABPC3	0.144442098572334	-0.303562643310481	0.1	0.367	1
SRP72	0.144524977674372	-0.404427842254678	0.1	0.334	1
ABRACL	0.146186892280783	-0.3926671774179	0.1	0.332	1
LAMTOR4	0.146542800943387	-0.268530269908944	0.1	0.366	1
IL3RA	0.146594646706508	0.410004922806276	0.3	0.169	1
PEBP1	0.146646501673709	-0.380663982415958	0.2	0.543	1
XRN2	0.146803746435142	0.389444339801025	0.4	0.267	1
PRR13	0.148630252586663	-0.368016883349876	0.1	0.357	1
TXN	0.149168097137108	-0.420145344665627	0.2	0.502	1
B2M	0.149696380013826	-0.302786779940148	0.8	0.995	1
CD63	0.150111208990644	-0.401642122432041	0.2	0.477	1
NDUFA13	0.150488030896399	-0.407403001884845	0.2	0.535	1
TTC3	0.15074086664633	-0.404762891786883	0.1	0.328	1
RPL18	0.150966286354721	-0.318858208509291	0.6	0.871	1
CACYBP	0.151028423542805	-0.391284615613481	0.1	0.33	1
LAPTM4A	0.151697202186597	0.378762280337684	0.4	0.267	1
RPL30	0.151780250015374	-0.25209376295021	0.8	0.988	1
TAF1D	0.152513425977135	0.406940639418554	0.4	0.271	1
ITM2B	0.153877068389733	-0.404201522111629	0.3	0.586	1
CSNK1A1	0.155167663966247	-0.313905852189461	0.1	0.357	1
CPT1A	0.155861746268173	-0.369765047840663	0.1	0.347	1
ATP5H	0.156786537103088	-0.360839612756365	0.1	0.348	1
MYADM	0.15714165416781	-0.405313227602944	0.1	0.333	1
CREG1	0.157328269507324	-0.367004686679537	0.1	0.342	1
FCER1G	0.158025449577812	-0.418487383665494	0.1	0.328	1
C21orf33	0.159259499921791	0.402397525252553	0.3	0.171	1
ANP32A	0.15960311726389	-0.362505627761293	0.1	0.346	1
RSF1	0.159708123688236	0.387234637347224	0.3	0.167	1
NIN	0.161817061518429	0.433369866201701	0.4	0.273	1
CNOT6L	0.163147767300055	0.409276871632267	0.3	0.175	1
CARD19	0.163591795882417	-0.381622260808281	0.1	0.318	1
KTN1	0.165864259910138	-0.361056769719002	0.1	0.339	1
NUFIP2	0.166220939549923	0.38521894945794	0.4	0.283	1
SLTM	0.166534843636049	0.388079208658522	0.4	0.29	1
WHAMM	0.166717947203575	0.424015823802036	0.3	0.171	1
SOX4	0.167703714273733	0.456444675971424	0.4	0.275	1
MNDA	0.169063602613641	-0.460359318800827	0.1	0.309	1
NDUFS5	0.169239893830871	-0.282182709072573	0.1	0.348	1
N4BP2L2	0.170264871690562	-0.362281469465625	0.1	0.33	1
THRAP3	0.170316523130743	-0.36272188826711	0.1	0.33	1
CCT8	0.170866815433356	-0.343405570744005	0.1	0.339	1
NOP56	0.172350591101555	0.430734973218912	0.4	0.287	1
ATP5I	0.172539859630889	-0.357115848448017	0.1	0.315	1
DAP3	0.172993638519232	0.535236208949813	0.3	0.185	1
RPL27	0.173898816800024	-0.350223508613258	0.7	0.986	1
COX8A	0.174648482924592	-0.379948481143902	0.2	0.458	1
CNPY3	0.175776101597875	-0.341960377162841	0.1	0.334	1
USP48	0.177878858490009	0.420977568602819	0.4	0.272	1
ROMO1	0.17922488675744	-0.321483757637642	0.1	0.336	1
MATR3	0.179358182682853	0.283358132149832	0.6	0.545	1
RTN4	0.180181046055816	-0.354556545167913	0.1	0.324	1
HNRNPM	0.180290925299985	-0.337274302870174	0.1	0.33	1
SAP18	0.180647186817947	-0.336171805821823	0.1	0.334	1
SNRPB	0.180834954413444	-0.339974238649375	0.1	0.332	1
DDX17	0.185282723837681	-0.284243848022769	0.3	0.651	1
CDC42SE1	0.185563077401532	-0.362964552050818	0.1	0.318	1
RPL21	0.185792415728889	-0.314835693780009	0.7	0.968	1
RPS4X	0.18682175545158	-0.291618500917743	0.7	0.948	1
TPR	0.187259586566016	-0.350346579264132	0.1	0.321	1
SERF2	0.187583295451155	-0.370819125997082	0.5	0.821	1
GPX4	0.187594702431076	-0.360977464123066	0.2	0.464	1
COTL1	0.188462021166979	-0.352369183657265	0.1	0.317	1
UBE2L3	0.189293615796731	-0.339082099839891	0.1	0.318	1
PDAP1	0.189488489820634	-0.316290334980426	0.1	0.328	1
MT-ND1	0.190049306784914	0.261192547959461	0.6	0.645	1
SMAP2	0.19023096196963	-0.34915288201923	0.1	0.324	1
ANKRD12	0.19061736226992	0.330170836356954	0.5	0.393	1
IFI16	0.190745263712874	-0.33608502753025	0.1	0.326	1
BOD1L1	0.19077304190178	0.332092580188961	0.3	0.167	1
EIF3M	0.190910679020079	-0.33937709947446	0.1	0.305	1
NUCKS1	0.191894717700569	-0.347508990613609	0.2	0.454	1
KMT2E	0.192126249605414	-0.366977252936069	0.1	0.294	1
SEC11A	0.192339909563759	-0.318151235873187	0.1	0.325	1
RPN2	0.194492642145818	-0.317546708566643	0.1	0.323	1
SPINK2	0.195628877371892	0.297598486247543	0.6	0.522	1
ANXA1	0.196154812505998	-0.375041345866362	0.4	0.687	1
SRRM1	0.196984602705826	-0.271960094424569	0.1	0.328	1
TOMM6	0.19723655086382	-0.32605243265351	0.1	0.306	1
CNBP	0.19757053292046	-0.366867066894091	0.3	0.575	1
KIF5B	0.198921481051125	-0.326963020099262	0.1	0.315	1
CCDC144B	0.199128913656658	0.357944603587345	0.3	0.18	1
H3F3AP4	0.19914037972775	-0.374481656934641	0.3	0.597	1
GATAD2B	0.199430842309133	0.420708445518993	0.3	0.188	1
LAIR1	0.200140064474595	-0.321351873010532	0.1	0.318	1
PHF20	0.20332135928063	0.34676308112156	0.3	0.177	1
CEP170	0.207327475357469	0.506608899762352	0.3	0.192	1
CDC42	0.208321627531243	-0.365654218385514	0.4	0.69	1
UQCR11	0.209803394459039	-0.336394425633563	0.3	0.595	1
PFDN5	0.210521063997212	-0.30524153287161	0.6	0.862	1
BIN2	0.21310316810606	-0.272022353307911	0.1	0.317	1
ATP5J2	0.213105373015821	-0.311407715861705	0.1	0.296	1
WAPL	0.213735338429289	0.425030871277762	0.3	0.186	1
RPL35A	0.214290707013659	-0.251056509914967	0.8	0.985	1
CCT3	0.215305361355511	-0.319816280355999	0.1	0.294	1
RAB31	0.218273745289623	-0.32181453378443	0.1	0.301	1
ACTR3	0.218823010723111	-0.336125527822982	0.2	0.427	1
ATP5J	0.219442768163638	-0.336755227573098	0.2	0.439	1
SYK	0.219527611558122	-0.304738737891308	0.1	0.309	1
TMPO	0.220205355200315	-0.323586458628195	0.1	0.306	1
DAZAP2	0.220252256318533	-0.292567036293812	0.1	0.309	1
LAT2	0.221332512027038	-0.315504258767044	0.1	0.285	1
CD82	0.221374215275444	0.418610975929384	0.3	0.196	1
CIAO1	0.223013847798563	0.362161026991485	0.3	0.192	1
TMEM14B	0.223265395366864	-0.281639365619165	0.1	0.307	1
BCL11A	0.223884056959134	-0.276730547653889	0.1	0.311	1
LST1	0.22544224062216	-0.343920303288999	0.3	0.556	1
NEDD8	0.225678857603604	-0.305697609992277	0.1	0.286	1
EIF3H	0.225794289094281	-0.345782031550029	0.2	0.475	1
COX7A2L	0.226794132598462	-0.30277945945771	0.1	0.288	1
MRPL33	0.226858767982341	-0.329420496624768	0.2	0.431	1
UBBP4	0.227607406562198	-0.269281838056903	0.1	0.309	1
HNRNPA0	0.227673758258065	-0.305220810085456	0.1	0.285	1
VTRNA1-1	0.231044409725924	-0.259904330882781	0.1	0.308	1
HSP90AA1	0.231646308036923	-0.28170757975112	0.5	0.7	1
EIF4H	0.231924243437411	-0.276302715441133	0.1	0.305	1
CANX	0.232341350654445	-0.376970792524155	0.3	0.592	1
SSR1	0.23236288321261	-0.286288333310719	0.1	0.303	1
POLR2L	0.232925878256557	-0.274817814423179	0.1	0.302	1
ACIN1	0.233617320378617	-0.288260916240012	0.1	0.302	1
SETX	0.233714295459655	-0.304529827582487	0.1	0.294	1
ITM2C	0.23426570876874	-0.295963363790189	0.1	0.292	1
COMMD3	0.236152614968535	-0.28338079046936	0.1	0.301	1
DDX3X	0.236605746558378	-0.292338273675589	0.1	0.295	1
USP15	0.236883463361518	-0.301318515521198	0.1	0.297	1
CHD3	0.237569813260141	0.412026568834879	0.3	0.193	1
MFSD1	0.237802561707108	-0.27892231582938	0.1	0.297	1
ARHGAP4	0.243874311860411	0.40842074520376	0.3	0.207	1
SNHG16	0.244002001017491	0.334870590808067	0.3	0.196	1
KCNJ3	0.244370013416231	-0.255012101003741	0.1	0.302	1
DRAP1	0.245332543911057	-0.273972564258002	0.1	0.296	1
CYBB	0.245850435168384	-0.338149618449048	0.2	0.402	1
DUT	0.246393274548537	-0.325872792789743	0.2	0.456	1
SNX3	0.247031383589182	-0.295100398852522	0.1	0.273	1
NDUFV2	0.247150122868526	-0.292037628107055	0.1	0.276	1
COPS9	0.247914560630448	-0.286107019689571	0.1	0.28	1
IQGAP1	0.24802441922202	-0.327727599032366	0.3	0.526	1
PCMTD1	0.248481401846309	0.340413352031855	0.3	0.196	1
PDIA6	0.249080848590024	-0.269517096994966	0.1	0.294	1
SUPT16H	0.2513643461234	-0.266292004425788	0.1	0.294	1
RIOK3	0.255190167958415	0.350525707515446	0.3	0.203	1
PNRC2	0.255580029219471	-0.268717042132488	0.1	0.29	1
ATP6V0E1	0.255776036102917	-0.284184974437771	0.1	0.271	1
TMEM14C	0.256671441048153	0.299663584138903	0.4	0.311	1
NDUFB4	0.257807771774825	-0.253787923699606	0.1	0.292	1
COX4I1	0.258395083225465	-0.29470739899876	0.5	0.722	1
CDC42SE2	0.259457963623881	-0.270529634113074	0.1	0.288	1
XPO1	0.259869344134613	-0.284055418424722	0.1	0.269	1
MDM4	0.260237546663136	0.384734156855526	0.4	0.332	1
BCAP31	0.260667258378653	-0.278995514493011	0.1	0.269	1
PSMB8	0.260812712856454	0.341767754544117	0.4	0.342	1
RNF130	0.26120698950765	-0.258232502501444	0.1	0.288	1
COX7B	0.261486674874494	-0.301535474723883	0.2	0.457	1
SNRPD1	0.261753363999445	-0.254542596693984	0.1	0.288	1
LSM3	0.262088745589372	-0.262072180801565	0.1	0.285	1
DNAJC1	0.262102476292623	-0.262497217827182	0.1	0.282	1
ANKRD28	0.2629369960913	0.332604340039158	0.4	0.321	1
PSMB1	0.265392854591211	-0.301079811127084	0.2	0.397	1
PTPRE	0.26699273106505	-0.275076890976756	0.1	0.282	1
PRKDC	0.267839774786582	-0.265420278788988	0.1	0.283	1
CMTM6	0.267974726608306	-0.254897623011693	0.1	0.285	1
COMT	0.268572825205959	-0.255140641344263	0.1	0.28	1
HACD4	0.268853755651708	-0.255707761587115	0.1	0.284	1
SMARCA5	0.26913674749904	-0.299323700095718	0.2	0.392	1
CLEC11A	0.269138519183328	0.348310730978403	0.3	0.21	1
GNAQ	0.269255927912292	-0.264288745916721	0.1	0.283	1
CTSG	0.269591527563277	-0.304120891518406	0.1	0.275	1
PPA1	0.270451007675984	-0.25368528623502	0.1	0.282	1
ZEB2	0.271169697617033	-0.263221209979242	0.1	0.281	1
ADAM28	0.272403820333722	0.380851135729295	0.3	0.208	1
ZFC3H1	0.272823577533709	0.357350044380565	0.3	0.197	1
UBE2K	0.274290067303106	0.321932084428876	0.3	0.203	1
PPP1R15A	0.275750508483682	-0.275921397244224	0.1	0.273	1
RAN	0.276338424977127	-0.279591974575393	0.2	0.453	1
LUC7L3	0.276561128138992	0.293496995974966	0.5	0.483	1
EEF1G	0.276736092966885	-0.371996531377594	0.6	0.937	1
GGCT	0.277354889704441	0.399943713781167	0.3	0.214	1
HNRNPAB	0.27845788607047	0.397554288677141	0.3	0.218	1
RAP1A	0.278894963474613	-0.257806721552609	0.1	0.277	1
PBRM1	0.280323203379787	0.38497226346881	0.3	0.213	1
SRGN	0.281623997471075	-0.317618861609399	0.6	0.864	1
CAST	0.282668595646758	-0.265010483943948	0.1	0.274	1
IMPDH2	0.282957117014266	0.333021815313644	0.3	0.21	1
SLC5A3	0.284782502058869	0.321496579707559	0.3	0.203	1
ZC3H11A	0.288079698655767	-0.254604315200663	0.1	0.267	1
PDCD6IP	0.291101342366121	0.333432904273146	0.3	0.212	1
HNRNPA2B1	0.291155280659752	-0.332177885753035	0.4	0.706	1
HUWE1	0.291725001874227	0.377917008042062	0.3	0.218	1
LINC01623	0.293362072392286	0.276896813135395	0.4	0.353	1
CALR	0.293639313174125	-0.28460590725128	0.3	0.559	1
C9orf78	0.297491296429194	-0.256895481856468	0.1	0.255	1
HLA-DPB1	0.298038209051365	-0.309168320931017	0.4	0.638	1
CSTA	0.299539197207314	-0.257574999142618	0.2	0.411	1
TPI1	0.300607098176967	-0.309147764117508	0.3	0.538	1
CNIH1	0.303668250522933	0.382363348541955	0.3	0.226	1
AHNAK	0.304590554212559	-0.285872389710664	0.3	0.509	1
FLNA	0.304854109915111	0.305804856044787	0.3	0.211	1
LOC100506844	0.307275194873217	-0.25283364830175	0.1	0.25	1
HEXIM1	0.309297257415964	0.391303523926727	0.3	0.212	1
RPL18A	0.309726637823726	-0.407969096261671	0.6	0.965	1
SH3BGRL3	0.312481057191324	-0.275391231863054	0.3	0.617	1
CD36	0.31435699775183	-0.297193285731812	0.3	0.582	1
NDUFA12	0.320485861758651	0.351471752440526	0.3	0.225	1
CALM1	0.320663486533621	-0.256741879518711	0.3	0.572	1
TFDP2	0.322099550417237	0.341307666443194	0.3	0.22	1
EIF4G1	0.33253127006791	0.355267538621718	0.3	0.229	1
TMA7	0.333518335356255	-0.295273922586479	0.4	0.652	1
RNF7	0.335424605004502	0.333806588723842	0.3	0.229	1
MORF4L1	0.336713370186555	-0.307744405182872	0.3	0.58	1
EIF2A	0.341584275042729	0.35406238760862	0.3	0.233	1
PRKACB	0.342434911858187	0.281448655633751	0.3	0.215	1
RBBP4	0.343430151072921	0.384947050826331	0.3	0.239	1
CCDC88A	0.345321804315305	0.250529825264231	0.4	0.345	1
ATP5L	0.349000852442392	-0.253703319167478	0.4	0.637	1
PDCD4	0.350316905861243	0.399236099560436	0.3	0.227	1
ANAPC11	0.351284565619858	0.278365070368387	0.4	0.336	1
RPSA	0.35178524108478	-0.350172526437611	0.6	0.924	1
GTF3A	0.352793436386107	-0.258541801741454	0.3	0.531	1
TMEM258	0.353191799997336	0.283099801817832	0.4	0.352	1
PA2G4	0.353968584502934	-0.250426689379542	0.2	0.406	1
ARRDC3	0.354835239712023	0.266017789945747	0.3	0.213	1
ITGAL	0.363981090846804	0.269884895993804	0.3	0.22	1
TRIP12	0.368523120721458	0.261965944904958	0.3	0.217	1
EIF2S3	0.369881183087519	-0.25853763415806	0.3	0.513	1
RPL13AP6	0.371057851822438	-0.266854986049039	0.3	0.537	1
ATF4	0.379276882574794	0.27143260667442	0.4	0.382	1
PDIA3	0.381845496048821	-0.256845379202876	0.3	0.553	1
SLC38A2	0.383304186021792	0.316172756087819	0.3	0.23	1
CHURC1	0.394270984791979	0.283686749422142	0.4	0.383	1
SPINT2	0.398398807126504	0.306558684152348	0.3	0.233	1
SSR3	0.407529489923806	0.263739622467814	0.4	0.392	1
UFC1	0.41372326199447	0.280914519479288	0.3	0.253	1
MIER1	0.419032000015026	0.32238447043942	0.3	0.252	1
RPL10A	0.422199155500203	-0.259395836313831	0.7	0.934	1
ZC3H15	0.443953108890943	0.256261741856889	0.3	0.254	1
UBXN1	0.447261236352641	0.254488730818306	0.3	0.253	1
GPCPD1	0.460066535497892	0.279267735938908	0.3	0.254	1
RPL28	0.461365042758969	-0.303163251589763	0.5	0.806	1
AIF1	0.472293881690663	-0.257829052468312	0.4	0.687	1
IER2	0.485646382374691	0.3024905847043	0.3	0.264	1
RFLNB	0.496966436703569	0.271569228393407	0.3	0.261	1
FAM46A	0.498982015077826	0.293091139750516	0.3	0.261	1
PHB2	0.596620685479948	0.295872320021484	0.3	0.293	1
MEF2C	0.621953380461373	0.278401380612628	0.3	0.287	1
