Genes	p_val	avg_log2FC	pct.1	pct.2	p_val_adj
GZMB	0	1.34181182208699	0.577	0.005	0
PRF1	2.3610182087519e-235	1.35316053756182	0.577	0.015	6.58700470059693e-231
GZMA	2.68340682906524e-231	1.2910727061754	0.567	0.015	7.48643671240912e-227
GZMH	3.06144621387009e-231	1.02555514269339	0.423	0.005	8.54112879207616e-227
GNLY	2.41631683449081e-224	1.87998570083903	0.918	0.059	6.74128233654591e-220
KLRD1	1.00066529382429e-175	1.13152606226014	0.474	0.015	2.79175610324038e-171
FGFBP2	5.97385020894525e-175	0.873093543263354	0.32	0.004	1.66664446979364e-170
CD247	4.62687156198051e-140	0.953644317097069	0.392	0.013	1.29085089707694e-135
SYNE2	6.14909834443052e-133	1.21269084563342	0.557	0.033	1.71553694711267e-128
FCGR3A	7.72082002103432e-126	0.861223694533737	0.351	0.011	2.15403157766836e-121
NKG7	3.08397027853459e-105	1.41971375794061	0.722	0.09	8.60396868008366e-101
CD8A	3.78542186955314e-104	0.793253235995119	0.32	0.012	1.05609484738663e-99
CCL5	5.96637005396209e-91	1.56224584842511	0.773	0.127	1.66455758135488e-86
IL32	1.68373941456203e-82	0.876046326366192	0.351	0.021	4.69746459268662e-78
KLRB1	4.4680360023492e-78	0.758955092546322	0.299	0.015	1.2465373642954e-73
SLAMF7	5.66101034176374e-72	0.690069878369486	0.278	0.015	1.57936527524867e-67
ETS1	8.92239247388959e-68	1.11705049484118	0.546	0.072	2.48925827629046e-63
SYNE1	7.7559180219172e-65	1.04486471636653	0.474	0.057	2.16382356893468e-60
CD3G	1.3815361568918e-62	0.675629258739113	0.258	0.015	3.85434772411244e-58
KLRK1	3.51692096948516e-53	0.684146521617612	0.289	0.023	9.81185781276664e-49
CD3D	1.60210331750294e-51	0.739603714737497	0.289	0.024	4.46970804550145e-47
IKZF3	1.31244811924857e-48	0.797053433412056	0.361	0.041	3.66159900789158e-44
KLRG1	1.14263527674401e-44	0.635982774686935	0.258	0.022	3.18783815858811e-40
SLFN5	1.77517682190539e-39	0.798107192111796	0.381	0.058	4.95256581543384e-35
IFITM1	2.0173461847828e-37	0.969233320157654	0.546	0.131	5.62819412092554e-33
CX3CR1	1.05352586372804e-36	0.748221903835187	0.33	0.047	2.93923180721485e-32
DUSP2	9.76328042715917e-36	0.630275499288948	0.268	0.031	2.72385760637314e-31
HOPX	6.66649830801838e-34	0.870769921488556	0.495	0.118	1.85988636295405e-29
CD74	9.13519683893731e-33	-0.881713690113193	0.464	0.924	2.54862856609512e-28
PYHIN1	2.90498284427196e-32	0.627153379953846	0.278	0.038	8.10461163723434e-28
GPX1	6.33614697482725e-29	-1.06957843252493	0.216	0.86	1.76772164450705e-24
HLA-DRA	2.04333504810045e-28	-1.07678645796857	0.237	0.836	5.70070045069544e-24
CST7	1.170839535226e-26	0.881314974913429	0.505	0.152	3.26652521932702e-22
AIF1	1.20601091119872e-25	-1.05759562466334	0.113	0.701	3.3646498411533e-21
CMC1	1.226838505783e-24	0.861489789616274	0.464	0.138	3.42275674728398e-20
HLA-DRB1	1.88579288510929e-23	-1.00611022116053	0.155	0.715	5.2611735701664e-19
GIMAP7	3.51188340652689e-23	0.70757171729958	0.392	0.097	9.79780351586937e-19
HLA-E	3.6324555193778e-23	0.52592743246482	0.887	0.717	1.01341876535121e-18
GIMAP4	6.24794758788775e-23	0.606399881049856	0.268	0.048	1.7431148975448e-18
HLA-B	2.79280984824849e-22	0.289660220604631	0.959	0.93	7.79166019562846e-18
TXNIP	2.81505854498826e-22	0.471944502412702	0.938	0.783	7.85373183466275e-18
CFD	3.37599624144325e-22	-1.13406389534205	0.072	0.629	9.41869191400254e-18
VIM	2.49061612173399e-21	-0.744070519883172	0.454	0.9	6.94856991802566e-17
CST3	1.07294458674175e-20	-0.953328994037392	0.124	0.677	2.99340810255082e-16
ARL4C	1.06402485290198e-18	0.582811692163517	0.278	0.062	2.96852293711124e-14
HLA-DRB5	1.80674929073149e-18	-0.897493658326687	0.093	0.592	5.04064984621179e-14
CALM1	1.64144533423236e-17	0.56042886882197	0.773	0.566	4.57946833797485e-13
LGALS1	8.97722573598941e-17	-0.816250485780987	0.227	0.695	2.50455620808368e-12
PTPRCAP	4.00182933254961e-16	0.684670030190803	0.588	0.311	1.11647036548802e-11
RPLP0	4.74645932889762e-16	-0.260641407689185	0.907	0.978	1.32421468816915e-11
RPS9	5.23204051057968e-16	-0.295337968269898	0.845	0.971	1.45968698204663e-11
LRRC75A-AS1	7.88207636719362e-16	-0.709515120126754	0.351	0.779	2.19902048568335e-11
HLA-DPA1	1.21229973556565e-15	-0.769616189306756	0.258	0.708	3.3821950322546e-11
HLA-DPB1	2.01395341064649e-15	-0.812404133603504	0.175	0.65	5.61872862036265e-11
CD36	1.88589938398725e-14	-0.825972269228675	0.165	0.593	5.26147069138602e-10
ID2	2.53147999013199e-14	0.642530218313224	0.608	0.344	7.06257602446924e-10
SPINK2	2.75441797003439e-14	-0.84248010921739	0.103	0.534	7.68455069459894e-10
BTG1	1.90573649640412e-13	0.632036966146985	0.454	0.201	5.31681425131785e-09
GRN	3.39965549199841e-13	-0.725669170063872	0.052	0.441	9.48469885712638e-09
GAPDH	5.06396362694728e-13	-0.520429645155724	0.515	0.842	1.41279521228202e-08
H2AFY	5.09809466158071e-13	-0.698287804945319	0.186	0.634	1.4223174296344e-08
APLP2	6.65139952123631e-13	-0.719492097521775	0.134	0.566	1.85567395242972e-08
EEF1G	8.20898484282247e-13	-0.395925740631345	0.701	0.942	2.29022468129904e-08
PTPRC	1.05659665401403e-12	0.401156306280762	0.825	0.697	2.94779900503374e-08
HLA-C	2.47367027315009e-12	0.363669968004489	0.794	0.721	6.90129269506145e-08
LST1	3.38451311875438e-12	-0.67368353124892	0.144	0.566	9.44245315001284e-08
GAS5	3.90641037036165e-12	-0.62522150331808	0.34	0.751	1.0898494292272e-07
RPL5	8.66381973606517e-12	-0.250198684394246	0.866	0.987	2.41711906816482e-07
PABPC1	8.76673065564689e-12	-0.289179119312835	0.804	0.963	2.44583018561893e-07
JAK1	9.34272839525219e-12	0.615281282579469	0.464	0.237	2.60652779499141e-07
RPS4X	1.08211171297788e-11	-0.340147975278369	0.753	0.952	3.018983468037e-07
FLT3	1.95282707410114e-11	-0.658463855060232	0.124	0.511	5.44819225403477e-07
MGST1	2.28121085624792e-11	-0.653657171888142	0.021	0.359	6.36435016784607e-07
TPM4	2.54585786289713e-11	-0.644274861226045	0.124	0.527	7.1026888516967e-07
GPR65	2.88480889742876e-11	0.50555134597353	0.258	0.082	8.0483283429365e-07
CSTA	2.97586270209209e-11	-0.670242549889812	0.062	0.419	8.30235935256673e-07
SELENOH	3.07211611973894e-11	-0.621438832342033	0.206	0.625	8.57089676245966e-07
RPL36A	3.40509700644019e-11	-0.312516616896972	0.763	0.952	9.49988013826748e-07
DUSP6	4.13356893894584e-11	-0.646871126370805	0.155	0.544	1.1532243982765e-06
MNDA	6.97357040198297e-11	-0.769915857234614	0	0.317	1.94555640644923e-06
HINT1	8.38764574938557e-11	-0.479071608002492	0.505	0.837	2.34006928762108e-06
TXN	8.88388058354516e-11	-0.623406634336499	0.134	0.511	2.47851384400326e-06
DDX5	1.04165394613835e-10	0.295151309145845	0.866	0.779	2.90611034433139e-06
RNASE2	1.15914747255645e-10	-0.660189865094748	0.01	0.33	3.23390553368524e-06
ZFAS1	1.25609535223815e-10	-0.56507839271749	0.371	0.773	3.50438042320922e-06
TYROBP	1.99078007189575e-10	-0.579437618112707	0.371	0.804	5.55407732258195e-06
EMB	2.41246246468471e-10	-0.553654386002805	0.351	0.72	6.73052903022387e-06
TKT	3.36590636751794e-10	-0.597687093853537	0.237	0.617	9.39054217473831e-06
RPL29	3.65480729429244e-10	-0.423273022299238	0.567	0.856	1.01965468703465e-05
RNF213	4.42824292006083e-10	0.580877123836559	0.454	0.249	1.23543549226777e-05
CPVL	4.5246507098322e-10	-0.666747080777809	0.021	0.327	1.26233230153608e-05
EEF2	4.90956693874888e-10	-0.481253473080854	0.505	0.85	1.36972008024155e-05
CD302	6.49205834548741e-10	-0.584175717085268	0.082	0.425	1.81121935780753e-05
NAP1L1	6.66237901224123e-10	-0.513801480980716	0.402	0.755	1.85873712062518e-05
HLA-DRB6	9.34305482932145e-10	-0.580523958561879	0.01	0.304	2.60661886683239e-05
PCNP	1.23467791466885e-09	-0.269526892564728	0.804	0.952	3.44462791413462e-05
EIF3L	1.27722814975607e-09	-0.557667873448494	0.165	0.535	3.56333881500446e-05
JAML	2.34976318572784e-09	-0.613026450709857	0.113	0.44	6.5556043118621e-05
CDK6	2.54502250898857e-09	-0.596421198641548	0.144	0.49	7.1003582978272e-05
CCND2	2.62305251790717e-09	0.55272718778346	0.309	0.13	7.31805421970922e-05
RACK1	2.994139247261e-09	-0.305057303128901	0.753	0.939	8.35334908593345e-05
SERPINB1	3.16523451773467e-09	-0.594546709240881	0.196	0.536	8.83068778102796e-05
SRGN	5.03509931752275e-09	-0.414769929616737	0.639	0.869	0.000140474235859567
TIMP1	5.25755194071668e-09	-0.553213297902797	0.072	0.376	0.000146680441594055
TNFSF13	5.76906682191509e-09	-0.523298950752256	0	0.267	0.000160951195264609
FOS	6.11568262932539e-09	-0.575051417711707	0.186	0.516	0.000170621429675549
RPLP0P2	6.99854439724316e-09	-0.551643469567289	0.268	0.66	0.000195252390138687
RNASE6	7.02701262453828e-09	-0.569054594467914	0.052	0.339	0.000196046625211993
NAPSB	7.4743575790418e-09	-0.60231866592626	0.01	0.28	0.000208527102097687
YWHAE	8.43416771039209e-09	-0.538333034792929	0.165	0.52	0.000235304844952229
CYBB	1.12090278261169e-08	-0.567355226163907	0.093	0.409	0.000312720667320835
CREG1	1.23390674266852e-08	-0.50865390715479	0.052	0.348	0.00034424764213709
RPL22	1.45766695666802e-08	-0.345423966621721	0.66	0.906	0.000406674504240812
LY86	1.5717922389624e-08	-0.533568439648666	0.072	0.362	0.000438514316748119
RPL8	1.96658743204774e-08	-0.326043822071135	0.67	0.893	0.000548658227666998
EIF2S3	2.07074735566291e-08	-0.527850958834574	0.175	0.521	0.000577717804756395
PGD	2.17136010119316e-08	-0.50805824155733	0.031	0.297	0.00060578775463188
TUBA1B	2.47740606337617e-08	-0.562777472783214	0.165	0.476	0.000691171517621318
HSBP1	3.65947606810131e-08	-0.48355675085541	0.052	0.329	0.00102095722823959
HOXA9	4.62447422373811e-08	-0.504123244047877	0.041	0.306	0.0012901820636807
HSPD1	5.4432222285232e-08	-0.528624559298658	0.175	0.502	0.00151860456953569
PRSS57	5.66868108771025e-08	-0.504218641956853	0.021	0.269	0.00158150533666028
SRP72	5.98038550103386e-08	-0.494937581812149	0.062	0.34	0.00166846775093344
PTTG1IP	6.80035236926332e-08	-0.500528010821825	0.103	0.389	0.00189723030750077
CLEC12A	7.06227991579554e-08	-0.48864289663287	0.052	0.325	0.0019703054737078
ATM	8.10566164409755e-08	0.435169372185699	0.309	0.14	0.00226139854208677
TALDO1	8.70170451891074e-08	-0.486365349197311	0.124	0.436	0.00242768854373091
GUCY1A3	8.87993468499155e-08	-0.532143087425602	0.021	0.264	0.00247741297776579
FTH1	9.88767154171526e-08	-0.425494996578379	0.515	0.827	0.00275856148342314
CTSG	9.92739446995761e-08	-0.53909215826536	0.031	0.28	0.00276964378317347
HLA-DMA	1.01985129086154e-07	-0.494961070188183	0.082	0.357	0.0028452831163746
HADHA	1.02743040821688e-07	-0.477408659021793	0.196	0.537	0.00286642809588429
RNASET2	1.22729373631554e-07	-0.487802698123201	0.165	0.474	0.00342402679494673
TAGLN2	1.24780457285946e-07	-0.482016922536648	0.309	0.655	0.0034812499778206
LYZ	1.35631288291377e-07	-0.722477509347166	0.247	0.532	0.00378397731204111
FLJ44635	1.50132620027088e-07	-0.483763905070908	0.289	0.651	0.00418854996613572
MAN1A2	2.03733532008449e-07	0.462548515272821	0.474	0.307	0.00568396180950371
LOC100506844	2.58033138144027e-07	-0.447196007062589	0.021	0.255	0.0071988665210802
TMEM173	2.67886934537101e-07	-0.438587136783865	0.021	0.257	0.00747377758665058
HNRNPA1	2.95162040486933e-07	-0.351568597835531	0.588	0.826	0.00823472576754495
DUT	3.11349761461899e-07	-0.488110924817037	0.165	0.463	0.00868634699502553
C6orf48	3.15862135383951e-07	-0.466532099431286	0.196	0.513	0.00881223771507685
HIST1H4C	3.23806449889239e-07	-0.530230451713253	0.206	0.496	0.00903387614545989
CTSW	3.26489594335344e-07	0.514665177305747	0.33	0.176	0.00910873319236176
AHR	4.40391309751761e-07	-0.493279079465166	0.082	0.336	0.0122864771507644
CTSB	4.47037990241588e-07	-0.46347279624355	0.113	0.387	0.0124719128897501
GLIPR1	4.54607155428452e-07	-0.475508803061125	0.165	0.469	0.0126830850292984
RNF130	4.58054929064674e-07	-0.453898181312263	0.052	0.294	0.0127792744659753
GSTO1	4.64844606284911e-07	-0.445016784353051	0.103	0.382	0.0129686996707427
CAT	5.47451618460831e-07	-0.465800822328261	0.134	0.41	0.0152733527034387
H3F3A	5.78197286303732e-07	-0.270358168662993	0.742	0.926	0.0161311260905878
HSD17B11	6.3837402942815e-07	-0.450378830720293	0.134	0.406	0.017809997047016
TNFSF13B	6.39066740664764e-07	-0.448742093948643	0.052	0.286	0.0178293229978062
MBP	6.40379043949493e-07	0.459320537792396	0.392	0.226	0.0178659349471469
C1QBP	7.06935045803801e-07	-0.438022361331139	0.103	0.376	0.0197227808428802
GNAQ	8.94666446565397e-07	-0.43976957200357	0.052	0.288	0.024960299192728
TMEM14C	9.10553819400163e-07	-0.42547884689031	0.072	0.318	0.0254035410074451
ALDOA	9.66317769250735e-07	-0.446654193970867	0.258	0.587	0.0269592994443263
GAPT	1.03148345630782e-06	-0.430361539424329	0.072	0.317	0.0287773569475318
MLEC	1.05201810035089e-06	-0.438966662953589	0.093	0.354	0.0293502529816894
SOX4	1.05620751191443e-06	-0.437845989094845	0.052	0.281	0.0294671333749006
VAMP8	1.08946987113326e-06	-0.443120553125642	0.34	0.67	0.0303951199347468
NPM1	1.09077016161646e-06	-0.364362997384734	0.557	0.819	0.0304313967389375
LAIR1	1.12212418496207e-06	-0.416885842859061	0.072	0.323	0.0313061426362567
SH3BGRL	1.23156618927858e-06	-0.436289792304917	0.165	0.471	0.0343594651146832
CLEC2B	1.3424646185856e-06	0.471584171539534	0.299	0.153	0.0374534203939197
ITM2C	1.35277783478228e-06	-0.42606813421843	0.062	0.298	0.0377411488125909
PYCARD	1.6855203131449e-06	-0.409030885670982	0.165	0.451	0.0470243312164295
HMGA1	2.03525886944369e-06	-0.398581537110074	0.062	0.299	0.0567816871986096
MRPL33	2.09391299476194e-06	-0.419267640425435	0.155	0.438	0.0584180786408634
HSP90AB1	2.09677295821146e-06	-0.359332459524855	0.515	0.758	0.0584978687611416
MFSD1	2.157133770903e-06	-0.390447758814538	0.062	0.303	0.0601818750744229
CCT2	2.16301810132155e-06	-0.388795793358269	0.052	0.284	0.0603460420087699
ARPC3	2.54034694222334e-06	-0.415690942329477	0.392	0.738	0.070873139341089
IFITM2	2.72882760608846e-06	0.450021401646261	0.371	0.223	0.0761315613822618
CTSS	3.28794869099174e-06	-0.473888393760998	0.258	0.549	0.0917304805299786
CARD19	3.3399907974763e-06	-0.404501020205886	0.082	0.324	0.0931824032587913
PHPT1	3.54381653012962e-06	-0.395402462544185	0.052	0.272	0.0988689373740861
CCDC88A	3.59079187633032e-06	-0.415164632771854	0.103	0.352	0.10017950255774
PIP4K2A	4.50399947463621e-06	0.417180372603905	0.299	0.154	0.125657081342876
NDUFA11	4.96160589490454e-06	-0.396844633724098	0.175	0.485	0.138423842861942
H3F3AP4	5.19733372005022e-06	-0.410875233924015	0.289	0.604	0.145000413455681
ANP32B	5.22832680456115e-06	-0.405010637863997	0.227	0.505	0.145865089520452
RPL36	5.23776328026959e-06	-0.372031842128433	0.485	0.777	0.146128357756241
BTF3	5.3749663965611e-06	-0.294287686174992	0.619	0.818	0.149956187497658
APEX1	6.03981436194442e-06	-0.41505770309888	0.186	0.475	0.168504780883887
ATP5G2	6.09864836044448e-06	-0.400427022340106	0.33	0.65	0.170146190608041
FTL	6.68010111502791e-06	-0.335291058115867	0.619	0.872	0.186368141008164
NCOA4	6.88247804216143e-06	-0.406158854374067	0.165	0.434	0.192014254898262
ST13	7.51687779199075e-06	-0.382105226100667	0.134	0.4	0.20971337351875
NPC2	8.02774734065122e-06	-0.383631683700595	0.124	0.38	0.223966123056828
CLNS1A	8.62262169002433e-06	-0.355422701230996	0.052	0.26	0.240562522529989
NME2	8.69635236499829e-06	-0.403187799165446	0.216	0.499	0.242619534631087
RASSF5	8.96279773790261e-06	0.419650368393653	0.258	0.127	0.250053094089745
SNX2	1.02866035372572e-05	-0.373753944578284	0.052	0.256	0.286985952085938
PEBP1	1.05329530809912e-05	-0.401344018621459	0.258	0.549	0.293858858006573
COTL1	1.0801022988731e-05	-0.402142875898758	0.103	0.322	0.301337740362607
MT-ND2	1.10781567278816e-05	-0.26003133741115	0.732	0.942	0.30906949455117
GNAS	1.16211440266417e-05	-0.386118506223084	0.196	0.494	0.324218297199278
RSL24D1	1.18773423065288e-05	-0.39151079623683	0.196	0.483	0.331365973009847
BCL11A	1.19356311714376e-05	-0.384869851995716	0.093	0.316	0.332992174051937
EIF3H	1.25706291071764e-05	-0.385775509914791	0.186	0.482	0.350707981461114
HDLBP	1.26498257646005e-05	-0.340673717515343	0.052	0.253	0.35291748900659
SIVA1	1.28094588460703e-05	-0.382163368915706	0.093	0.316	0.357371092346515
SEC61B	1.30435922137297e-05	-0.352977851508035	0.113	0.35	0.363903179170846
CD44	1.32336380387065e-05	-0.388142250570791	0.216	0.509	0.369205267641873
FTH1P3	1.32675495299473e-05	-0.390412930221831	0.216	0.491	0.370151364335998
RPS18P9	1.33776318426471e-05	-0.381386118241029	0.402	0.696	0.37322255077801
PPP2R5C	1.36305035180981e-05	0.442577653195559	0.299	0.166	0.380277417651419
LDHB	1.39913707945447e-05	-0.379957090136423	0.165	0.433	0.390345253797004
HEBP2	1.41520344655525e-05	-0.355042745478268	0.052	0.252	0.39482760955445
PKM	1.43514337796213e-05	-0.377116900170617	0.165	0.42	0.400390651017654
ANKRD28	1.46973626765051e-05	-0.391614065457294	0.103	0.326	0.410041721311817
SMIM26	1.51635489446058e-05	-0.349129136040063	0.062	0.271	0.423047852005556
NUCB2	1.53398579190444e-05	-0.415653838436446	0.175	0.414	0.427966696083421
MORF4L1	1.6579970954981e-05	-0.386125305492995	0.278	0.587	0.462564609673015
CCNI	1.7351182013873e-05	-0.379990583892693	0.216	0.51	0.484080627005043
MRPS21	1.77465846138722e-05	-0.33785576248871	0.072	0.285	0.495111964142422
RTN4	1.93157065128025e-05	-0.364185649633965	0.103	0.329	0.538888896000678
RAB31	1.93731377003053e-05	-0.375701487748168	0.093	0.306	0.540491168700819
MT-ND3	2.21260076731951e-05	-0.369682758879172	0.433	0.763	0.61729348807447
LARP4B	2.21296691707217e-05	-0.333867568538166	0.052	0.251	0.617395640193964
SNRPE	2.25873831096059e-05	-0.338624020776668	0.124	0.362	0.630165401374895
NDUFB1	2.51559889255093e-05	-0.333960641622708	0.103	0.339	0.701826935032783
U2SURP	2.6485468175857e-05	-0.349479689070333	0.093	0.318	0.738918076638235
EIF3D	2.6781981809999e-05	-0.339188078507701	0.124	0.366	0.747190510517161
TMEM14B	2.7228558379145e-05	-0.329421644660197	0.093	0.312	0.759649550219766
CALM2	2.83502053066518e-05	-0.359817037550483	0.485	0.768	0.790942377850279
CNPY3	2.99754718675508e-05	-0.351940612153686	0.113	0.34	0.836285689632798
RAC1	3.09893543674083e-05	-0.350488558822815	0.155	0.41	0.864571997496325
RTN3	3.11567151249279e-05	-0.342456120572492	0.144	0.392	0.869241195270362
EIF4B	3.18830001670961e-05	-0.374314269379248	0.392	0.689	0.889503821661815
FAM30A	3.53834793888935e-05	-0.376189248730556	0.093	0.291	0.987163691470741
TUBB	3.65566730989863e-05	-0.404265110085371	0.165	0.39	1
ENO1	4.02094319347314e-05	-0.34078850814984	0.485	0.741	1
EIF3M	4.10167082810949e-05	-0.323238459604391	0.093	0.31	1
SPCS1	4.1022756584886e-05	-0.332655135317903	0.134	0.364	1
FOXP1	4.23994688520926e-05	-0.377019466282876	0.381	0.694	1
ETS2	4.39563668756099e-05	-0.362577890649735	0.093	0.295	1
STMN1	4.41710830993267e-05	-0.407223009027358	0.155	0.367	1
IL6R	4.52429621132711e-05	-0.337674666109365	0.062	0.254	1
BTN3A2	5.05417498546841e-05	0.405415058967588	0.258	0.138	1
TMEM123	5.31656798220753e-05	-0.348088124667589	0.227	0.505	1
PRDX3	5.53821746353415e-05	-0.312150653744297	0.062	0.25	1
CDC42SE1	5.69844657526213e-05	0.361504072688487	0.433	0.315	1
GSN	5.76642532301171e-05	-0.317393324873791	0.072	0.263	1
PPA1	6.0567197125348e-05	-0.297595827416223	0.082	0.286	1
NHP2	6.15880495857562e-05	-0.317326979611919	0.082	0.281	1
GDI2	7.07607633132238e-05	-0.356147669911468	0.237	0.517	1
HNRNPA0	7.16516360791764e-05	-0.307521461076359	0.093	0.29	1
EIF3A	7.79124174985273e-05	-0.304108264937645	0.175	0.435	1
CNOT6L	8.02462024790052e-05	0.424715919176429	0.289	0.172	1
ATP5O	8.23937963283003e-05	-0.341402024120441	0.186	0.431	1
ATP5J	8.72748518652847e-05	-0.349696552462236	0.196	0.445	1
UXT	9.0370707882025e-05	-0.298814792381035	0.082	0.276	1
EFHD2	9.75678313081685e-05	0.406087177797741	0.268	0.154	1
EIF4A1	9.94788194317994e-05	-0.359026941814766	0.32	0.613	1
VSIR	0.000102808963078711	-0.333503820158635	0.144	0.357	1
HLA-DQB1	0.000103304435498035	-0.364436327833551	0.072	0.25	1
NDUFB10	0.000104010309728067	-0.302021519811352	0.082	0.276	1
SLC9A3R1	0.000104792575567232	0.392057206758016	0.258	0.146	1
HNRNPC	0.000107622840992932	-0.357919181716002	0.34	0.645	1
PGK1	0.000110684622467531	-0.318976295805814	0.155	0.395	1
SNORA109	0.000113325104999339	-0.345854260529884	0.32	0.62	1
SCPEP1	0.000118851462329445	-0.32568206699994	0.072	0.251	1
ESD	0.000119904678259286	-0.304436749716844	0.072	0.251	1
GRB2	0.000120491567130951	-0.34537634690022	0.32	0.608	1
MEF2C	0.000127365688485908	-0.343207834203523	0.103	0.292	1
C8orf59	0.000128203908395731	-0.316817985421916	0.165	0.398	1
LAMP2	0.000128406872828424	-0.293801817290343	0.124	0.344	1
SUPT16H	0.000130253055809829	-0.307330388869585	0.103	0.298	1
LDHA	0.000133276259440265	-0.331350183007938	0.227	0.473	1
NMI	0.000136812144607161	-0.29706912174985	0.093	0.282	1
VPS35	0.000139232637624087	-0.294316822024209	0.082	0.273	1
SET	0.00014344840278883	-0.343003646868632	0.278	0.553	1
PARK7	0.000147641948318713	-0.298827331738002	0.155	0.39	1
TSPO	0.000147896707274845	-0.341566787734611	0.258	0.528	1
FGL2	0.000148945276804858	-0.402212928756862	0.124	0.307	1
ENY2	0.000149491185003588	-0.294362375686642	0.103	0.304	1
TM9SF2	0.000161460604912712	-0.297679198396905	0.103	0.304	1
MIS18BP1	0.000173611609837034	-0.282995345929056	0.113	0.316	1
RAB11FIP1	0.000176103270082924	-0.301848829743739	0.072	0.252	1
PARVG	0.000177843936379659	-0.284122683051857	0.072	0.251	1
HACD4	0.000188338611599187	-0.30155545397451	0.103	0.288	1
VAPA	0.000197844787153206	-0.309315900746128	0.124	0.326	1
SMAP2	0.000203422138800167	-0.31170586495504	0.124	0.328	1
SNRPG	0.000209399352498677	-0.307921315461896	0.155	0.369	1
GTF2I	0.000219371804237398	-0.301858354249169	0.155	0.379	1
HMGB2	0.000226073738173697	-0.352025330825524	0.247	0.467	1
TBCA	0.000230443850641537	-0.2878066416956	0.113	0.308	1
SNRPD1	0.000232671416214234	-0.282496939176004	0.103	0.292	1
EVI2B	0.000235147181094112	-0.292306364503748	0.175	0.411	1
NDUFC2	0.000239984360808476	-0.292650332359953	0.134	0.35	1
COX7B	0.000241425670104318	-0.30787533267622	0.216	0.463	1
PSAP	0.000242126089342732	-0.344606580524217	0.309	0.58	1
PSMA4	0.000247329475910661	-0.309150954213668	0.165	0.395	1
COMMD3	0.000249125850721673	-0.28975992021349	0.113	0.305	1
ZC3HAV1	0.000249308190196424	0.378012548836238	0.32	0.207	1
LSM3	0.000251144125049312	-0.292696716332874	0.103	0.289	1
ACTG1	0.000254922261347614	-0.276819040574661	0.649	0.878	1
BST2	0.000278956573936902	-0.281682696595349	0.144	0.348	1
COMT	0.000284587350340742	-0.272716461188719	0.103	0.284	1
PAK1	0.000298102204413946	-0.2852553733654	0.082	0.261	1
CLTA	0.000301003091374828	-0.284548431223073	0.124	0.326	1
CHP1	0.000301676820699916	-0.285561950234367	0.082	0.257	1
HNRNPD	0.000308955436382318	-0.258896808664631	0.124	0.328	1
SYK	0.000317177961565361	-0.303468598585403	0.124	0.313	1
APPL1	0.000319309858891409	-0.292665155463704	0.103	0.288	1
ANKRD42	0.000321301899792171	-0.258581216740511	0.093	0.279	1
H2AFZ	0.000327656669642347	-0.340779350619716	0.196	0.396	1
CSDE1	0.000329119206583987	-0.309560225851122	0.278	0.553	1
SNX3	0.000345275539650051	-0.263336145684667	0.093	0.277	1
DNAJC1	0.000346905918309036	-0.28145603261496	0.103	0.286	1
NDUFA13	0.000349968755449041	-0.324339236631418	0.289	0.541	1
LAT2	0.000352815624512462	-0.271456535250433	0.103	0.289	1
XBP1	0.000380445629296415	-0.293752653748315	0.165	0.382	1
RUNX1	0.000397371037716927	-0.28186390578429	0.103	0.285	1
RAB7A	0.000408379790888006	-0.262995524610485	0.082	0.255	1
VPS29	0.000416925311252043	-0.279220026108933	0.103	0.281	1
SAMHD1	0.000453053718544571	-0.324163131773155	0.351	0.563	1
HMGN1	0.000454438727063218	-0.293356183354205	0.206	0.44	1
METTL7A	0.000478224653416698	-0.292583101066344	0.144	0.336	1
NDUFB9	0.000478243570780094	-0.277581883743248	0.134	0.332	1
FXYD5	0.000481622415812748	-0.282858923065226	0.155	0.358	1
IL2RG	0.000488238542944148	0.383145821670015	0.309	0.208	1
SNHG5	0.000490036913923584	-0.308933657330876	0.278	0.529	1
IL10RB	0.0005047402214651	-0.262587240428203	0.093	0.263	1
TIMM13	0.000513178791774453	-0.273393657983502	0.103	0.276	1
GPX4	0.000532198499562099	-0.294936381950986	0.237	0.469	1
EIF3E	0.000565989021876736	-0.314621832253456	0.381	0.655	1
SMC4	0.000574705759456499	-0.27819017327094	0.113	0.288	1
PA2G4	0.000584561239327957	-0.290076817122488	0.196	0.411	1
SEPT6	0.000587001203378823	-0.273170174612835	0.165	0.373	1
SNHG6	0.000598262070493253	-0.299063133225476	0.278	0.519	1
SRSF6	0.000633095793340839	-0.280088149795782	0.186	0.411	1
GSTP1	0.000638165839031542	-0.308027710852649	0.454	0.723	1
TMEM70	0.000661782142360119	-0.319734235442142	0.392	0.659	1
SSR4	0.00067648664588962	-0.317282442399458	0.309	0.574	1
CIRBP	0.000678481582657543	-0.287587646250003	0.227	0.459	1
ERP29	0.000685712394392499	-0.285010988847786	0.227	0.448	1
SRP9	0.00068906311496694	-0.263363036894859	0.144	0.349	1
NASP	0.000698029996251511	-0.290438334795488	0.144	0.332	1
LITAF	0.000699588452287143	0.344175295151301	0.309	0.208	1
CSNK1A1	0.000715752765873375	-0.266674923813828	0.165	0.361	1
OAZ1	0.000718648325077833	-0.310604937237861	0.485	0.758	1
MTDH	0.000736410855423465	-0.293948558997964	0.227	0.456	1
RFLNB	0.00074944916258693	-0.271983610551222	0.103	0.266	1
LAPTM4A	0.000786515832848455	-0.254670787550915	0.103	0.272	1
ZBTB44	0.00080635649302578	0.351104049137534	0.258	0.16	1
UBE2J1	0.000808431050618948	-0.257544496496486	0.155	0.349	1
TMEM59	0.000808847651584262	-0.258581727117515	0.144	0.34	1
HIST1H1E	0.000809087532471776	-0.290287130637769	0.124	0.286	1
PSMA3	0.000832415447949953	-0.258846059495747	0.103	0.265	1
ZNHIT1	0.000836149499631827	-0.252353678370267	0.124	0.305	1
MIF	0.000852133252951406	-0.308601859007728	0.361	0.598	1
ATP5A1	0.000889461305312978	-0.277562405117356	0.227	0.457	1
RPL13AP20	0.000900800334123142	-0.292079225992349	0.268	0.523	1
CBX3	0.000901575580566797	-0.272560115874257	0.196	0.414	1
COX5B	0.00091690128509086	-0.276079088548347	0.247	0.488	1
ATP5F1	0.00096218112603409	-0.253863592525441	0.175	0.384	1
CAPZA1	0.0009708896981056	-0.300975503393934	0.278	0.525	1
SEM1	0.00101801549592666	-0.253320163064792	0.175	0.373	1
SERP1	0.00106636506424144	-0.250725262049354	0.165	0.37	1
ATP6V0B	0.00112667421397535	-0.267704581835102	0.165	0.353	1
DBI	0.00113379093791417	-0.303598488698785	0.32	0.573	1
EID1	0.00113615588978899	-0.270235169403499	0.247	0.475	1
SLC25A6	0.001343348944297	-0.297354441462095	0.485	0.74	1
UBXN4	0.00134709870750816	-0.259852412744604	0.175	0.365	1
RAN	0.00137112029902299	-0.284706671188136	0.237	0.457	1
RPL13AP6	0.0015537196646323	-0.271718806534496	0.299	0.542	1
GMFG	0.00155500740011902	-0.282478611370548	0.33	0.586	1
RIPOR2	0.00157376312360361	0.302928255772575	0.392	0.296	1
RPL19P12	0.00159638616026673	-0.251862013695944	0.546	0.762	1
ARPC1B	0.00161380167526491	-0.299506986831038	0.381	0.657	1
HMGN2	0.00162870500115219	-0.298710356954781	0.34	0.574	1
CD96	0.00166479188942115	0.330178053669713	0.299	0.206	1
IRF2BP2	0.00173615541957633	-0.264364518384425	0.227	0.43	1
CANX	0.00180899790425921	-0.296806394948813	0.351	0.598	1
OSTC	0.00183922316423538	-0.260609468994213	0.206	0.403	1
COX8A	0.00190514918024905	-0.269979334668945	0.247	0.463	1
MYADM	0.00210557826561917	-0.254366652383528	0.165	0.337	1
EVI2A	0.00238585842110665	-0.250027257003523	0.175	0.35	1
RPL28	0.00276217860045792	-0.267912930059644	0.567	0.812	1
SEPT7	0.0027853286677513	0.293583857751294	0.433	0.392	1
HLA-F	0.00279920777145081	0.337733214863136	0.289	0.203	1
ANXA1	0.00307213116429722	-0.269658246787636	0.464	0.692	1
SLC38A1	0.00311467082989267	0.33733108739826	0.32	0.233	1
STOM	0.00317949018149184	0.313794885362241	0.289	0.206	1
GABARAP	0.0036028289450401	-0.254008693649379	0.278	0.489	1
RSL1D1	0.00420346975848358	-0.25340908945838	0.289	0.519	1
BIN2	0.00433036680874461	0.294122184631602	0.381	0.315	1
ZFP36L2	0.00435699240652174	-0.256091542571778	0.423	0.664	1
RPSAP58	0.00449581104120487	-0.261179881616059	0.412	0.644	1
UBBP4	0.00491725897080809	0.265774061177151	0.371	0.307	1
LOC107984974	0.00554673203935231	-0.259411158197106	0.33	0.568	1
DSE	0.00649989416571731	-0.270507186569151	0.371	0.615	1
NDUFA4	0.00662667929244015	-0.274579204429433	0.433	0.703	1
TES	0.0068106921154163	0.288462873652733	0.258	0.179	1
PRPF38B	0.00734359077117188	0.287031268654609	0.289	0.216	1
SMCHD1	0.0111842016934852	0.303420776131648	0.299	0.234	1
LSM14A	0.0117229546145507	0.283650732308485	0.268	0.202	1
ADAM10	0.0119095470471993	0.307932554189709	0.268	0.202	1
SAMD9	0.0151851405755982	0.259776199984248	0.258	0.182	1
CFLAR	0.0296460536855628	0.258982851662597	0.289	0.237	1
EZR	0.0997949895200412	0.266566739582997	0.258	0.227	1
UTRN	0.10881346009521	0.252190040781805	0.268	0.24	1
