Genes	p_val	avg_log2FC	pct.1	pct.2	p_val_adj
IL7R	3.30392933622115e-256	1.57644582947257	0.711	0.02	9.21763245512338e-252
LEF1	1.48671704000878e-225	0.9195160297961	0.373	0.003	4.1477918699205e-221
CD3D	5.06141987557706e-129	1.03612310279569	0.482	0.021	1.41208553108724e-124
BCL11B	7.00183841350581e-109	0.669681719491972	0.277	0.006	1.95344289898399e-104
CD3E	1.25844908882312e-62	0.618863422024371	0.253	0.012	3.51094711290762e-58
IL32	1.3343445686276e-59	0.772668239885604	0.325	0.023	3.72268791201415e-55
RORA	6.25058025743939e-58	0.614423966083839	0.253	0.013	1.74384938602302e-53
ETS1	1.1669065348034e-56	1.07502747161467	0.542	0.074	3.255552541448e-52
SYNE2	1.68273273391584e-54	0.91730834624785	0.398	0.039	4.69465605435181e-50
CD3G	1.39094612747501e-51	0.648558577010972	0.253	0.016	3.88060060104254e-47
LINC00861	7.31825387794251e-51	0.591062116238821	0.253	0.016	2.04171964940718e-46
TCF7	1.00370034019866e-42	0.689978435771309	0.277	0.024	2.80022357912025e-38
GIMAP7	4.52024448475521e-41	0.99590774913761	0.518	0.095	1.26110300880186e-36
LTB	6.56314527800925e-41	1.00361354757036	0.566	0.112	1.8310519011118e-36
PIK3IP1	2.00094991277074e-38	0.660447595766181	0.289	0.029	5.58245016163908e-34
CD74	2.93760494008876e-36	-1.36719450232623	0.205	0.928	8.19562402235363e-32
IFITM1	5.87448418592007e-35	0.99217617392026	0.566	0.132	1.63892234302984e-30
HLA-DRA	3.03607393704411e-33	-1.42957785222372	0.096	0.837	8.47034267695935e-29
GPX1	3.59402909234949e-31	-1.1970730091316	0.193	0.858	1.00269817647459e-26
CCR7	3.55467643354992e-30	0.636489386346628	0.277	0.035	9.91719178196091e-26
SLFN5	8.43813493253513e-28	0.756067363500677	0.349	0.06	2.35415526482798e-23
TYROBP	3.04069411016643e-26	-1.15138838295297	0.133	0.808	8.48323249795332e-22
GAPDH	7.11040679443017e-24	-0.956087762197681	0.289	0.846	1.98373239157807e-19
MALAT1	1.05183629284055e-23	0.307575554892678	1	0.98	2.93451807339585e-19
CST3	2.18664176525432e-23	-1.16471884689143	0.048	0.677	6.10051186088302e-19
GSTP1	1.38332866084613e-22	-1.08627230165341	0.108	0.729	3.85934863089462e-18
CFD	4.65396003367932e-22	-1.26717605500384	0.036	0.627	1.29840830979619e-17
SRGN	9.57224888548718e-22	-0.947461476191289	0.337	0.875	2.67056171656207e-17
HLA-DRB1	3.15495470694737e-21	-1.06846769042166	0.108	0.714	8.80200813691246e-17
AIF1	2.57602731741069e-20	-1.03404664221563	0.096	0.699	7.18685861284408e-16
CD2	4.4434901769815e-20	0.624964480058062	0.313	0.065	1.23968932447607e-15
CD36	9.04447370944737e-20	-1.17138065773925	0.036	0.594	2.52331772019872e-15
HLA-DRB5	3.26357838005998e-18	-0.992767572654451	0.048	0.591	9.10505732252934e-14
VIM	3.57302185994177e-18	-0.706339206658309	0.482	0.898	9.96837368705156e-14
HLA-DPA1	2.47936562676883e-17	-0.931985699727488	0.169	0.708	6.91718216212237e-13
HLA-DPB1	2.64991064052322e-17	-0.962038157453322	0.108	0.65	7.39298569599572e-13
ENO1	2.88647106170216e-17	-0.871171581332765	0.217	0.746	8.05296561504286e-13
SPINK2	3.70451813320866e-17	-1.08144899540931	0.024	0.534	1.03352351398388e-12
LGALS1	3.94694078544344e-17	-0.941518861190566	0.169	0.695	1.10115700973087e-12
CYBA	8.97046429117127e-17	-0.908215344550361	0.084	0.623	2.50266983259387e-12
APLP2	1.12232841966018e-16	-0.953394642285	0.048	0.566	3.13118405800995e-12
LST1	1.12494166323382e-16	-0.931164279397986	0.048	0.567	3.13847474625603e-12
H2AFY	1.73642646364395e-16	-0.902226328881916	0.096	0.634	4.84445619092026e-12
OXNAD1	2.17963974589934e-16	0.586270596880367	0.289	0.068	6.08097692708456e-12
TXNIP	3.94803238129379e-16	0.438180357124462	0.94	0.783	1.10146155405715e-11
DGKA	4.13105317224995e-16	0.566627943522864	0.265	0.058	1.15252252452601e-11
EIF4A1	6.09309283201628e-16	-0.887548645590987	0.096	0.617	1.69991196920422e-11
DUSP6	7.77853153081481e-16	-0.936003526828356	0.048	0.545	2.17013251178202e-11
TKT	2.90184388846428e-15	-0.879259324186922	0.108	0.618	8.09585426442649e-11
HLA-E	6.81692548514466e-15	0.442371377824612	0.831	0.719	1.90185404110051e-10
YWHAE	7.4182942631716e-15	-0.864573484689005	0.048	0.521	2.06962991648225e-10
TPM4	2.52898695028295e-14	-0.848680890796071	0.06	0.527	7.05562069259439e-10
PLEK	4.11205644689979e-14	-0.840109471446812	0.036	0.486	1.14722262812057e-09
ARPC3	6.99010771570499e-14	-0.74727934071529	0.229	0.741	1.95017015160454e-09
H3F3A	1.26490343190634e-13	-0.479101168093056	0.627	0.928	3.52895408467548e-09
DBI	3.80581824340589e-13	-0.795303976572918	0.12	0.577	1.06178523172781e-08
CD302	6.15544809964145e-13	-0.783999101873821	0.012	0.425	1.71730846531897e-08
FLT3	2.07441332025683e-12	-0.775640829039325	0.072	0.511	5.78740572218452e-08
VAMP8	2.4460272446981e-12	-0.723183145758147	0.217	0.671	6.82417140998322e-08
EMB	4.48107348749544e-12	-0.699486788632414	0.265	0.721	1.25017469227635e-07
LCP1	8.14869818293887e-12	-0.666437431855531	0.289	0.775	2.27340530605812e-07
GRN	1.04876831140231e-11	-0.732421791298814	0.036	0.439	2.9259587119813e-07
ACTG1	1.13107188616709e-11	-0.608188444921212	0.446	0.881	3.15557745521757e-07
TXN	1.53066775836552e-11	-0.720440915221814	0.084	0.511	4.27040997906395e-07
CD63	2.55648822523497e-11	-0.69583040792079	0.072	0.485	7.13234649958305e-07
LY86	3.63115333924607e-11	-0.714068650332384	0	0.363	1.01305547011626e-06
CLIC1	7.95942027087225e-11	-0.66233693197659	0.133	0.569	2.22059866137065e-06
SH3BGRL	1.16207600623991e-10	-0.673408223818817	0.072	0.472	3.24207584980872e-06
CYBB	1.16556264782855e-10	-0.731651913701355	0.036	0.409	3.25180323117686e-06
PYCARD	1.5437449411696e-10	-0.663271984881431	0.06	0.452	4.30689401136907e-06
CALM2	2.60777874921877e-10	-0.596247867579219	0.361	0.769	7.27544193244544e-06
CSTA	2.73958963383831e-10	-0.692510375886297	0.048	0.418	7.64318111944551e-06
CDK6	2.89248535073845e-10	-0.697551604735558	0.108	0.489	8.06974488002521e-06
HLA-DMA	3.09950997345711e-10	-0.668775318610343	0.012	0.358	8.64732287494798e-06
TIMP1	3.31595652435019e-10	-0.662511092181272	0.024	0.376	9.2511871072846e-06
HSBP1	5.94380025289837e-10	-0.628493423015286	0	0.329	1.65826083255612e-05
RNASE2	5.94380030797626e-10	-0.694693969760331	0	0.329	1.6582608479223e-05
GLIPR1	6.1421123256322e-10	-0.653080702745288	0.084	0.469	1.71358791772813e-05
CAT	6.39668123309903e-10	-0.654982437129889	0.048	0.41	1.7846100972223e-05
YBX1	6.67578665220825e-10	-0.518984924236831	0.482	0.846	1.86247771809958e-05
OAZ1	7.38610687724821e-10	-0.573774052858835	0.361	0.759	2.06064995768348e-05
SERPINB1	7.46036102794626e-10	-0.684269841706593	0.169	0.535	2.08136612318673e-05
NDUFA11	9.51491895613251e-10	-0.626225784862218	0.096	0.486	2.65456723957141e-05
FTL	1.1431099227807e-09	-0.463541678241176	0.566	0.872	3.18916237356587e-05
CTSS	1.31254969977457e-09	-0.693399343913783	0.157	0.55	3.66188240740107e-05
FCER1G	1.79928011192466e-09	-0.684018418893702	0.012	0.334	5.01981158425861e-05
ATP6V0B	1.90807489445266e-09	-0.618049232274928	0.024	0.355	5.32333814803347e-05
CALR	2.44090314418107e-09	-0.641633865144608	0.169	0.567	6.80987568195075e-05
ATP5B	3.59145708577981e-09	-0.597553407412394	0.072	0.426	0.000100198061236171
CD99	3.85053737292825e-09	-0.621620874393199	0.181	0.557	0.000107426142167325
CTSB	3.87304040488975e-09	-0.617266456085017	0.048	0.388	0.000108053954256019
MFSD1	4.63221524578167e-09	-0.584082827042224	0	0.303	0.000129234173142063
LRRC75A-AS1	4.70401572005388e-09	-0.520087341005326	0.446	0.775	0.000131237334573783
PSMA1	5.01987686365e-09	-0.583798329579903	0.024	0.346	0.000140049544618971
MRPL33	5.61718331519602e-09	-0.590388838513369	0.084	0.438	0.000156713797310654
MNDA	6.1343154835028e-09	-0.735926643031202	0.012	0.316	0.000171141267674245
CANX	6.61860115008333e-09	-0.595371717079378	0.205	0.6	0.000184652353486175
ARPC5	6.82548703911262e-09	-0.577455746282597	0.229	0.632	0.000190424262904203
MGST1	7.3741826455605e-09	-0.59878419940496	0.036	0.358	0.000205732321628492
TALDO1	7.46000653679453e-09	-0.592450113424051	0.084	0.435	0.000208126722370031
KIAA1551	7.65779337012513e-09	0.586616767510682	0.325	0.136	0.000213644777233121
ETS2	7.90072202762823e-09	-0.614298261552982	0	0.296	0.0002204222438488
RNASE6	9.53470670559945e-09	-0.605229380523777	0.024	0.339	0.000266008782379519
GDI2	1.02870657075539e-08	-0.584549663203822	0.145	0.518	0.000286998846175045
SYK	1.06163371763624e-08	-0.589478102871868	0.012	0.315	0.000296185190883333
MLEC	1.1326097725985e-08	-0.588129387462786	0.036	0.354	0.000315986800457255
PSAP	1.17711768893029e-08	-0.596183472147156	0.193	0.582	0.000328404064034662
LAT2	1.18586595736833e-08	-0.568039467968143	0	0.291	0.00033084474344619
MYL6	1.23333463292334e-08	-0.468882764698323	0.494	0.835	0.000344088029239283
TARP	1.84992084402295e-08	-0.570440885664297	0.048	0.362	0.000516109416273964
CLEC12A	1.91044032897574e-08	-0.575224446923111	0.024	0.325	0.000532993747380942
HLA-DRB6	2.55538726129107e-08	-0.564931550443152	0.012	0.303	0.000712927492027596
METTL7A	2.93877790868408e-08	-0.573600872856529	0.036	0.338	0.000819889648743773
TPI1	2.95746485198443e-08	-0.575726106168946	0.169	0.546	0.000825103119055135
GAPT	3.91233781006613e-08	-0.547145858632598	0.024	0.317	0.00109150312563035
LYZ	4.13317164452641e-08	-0.814414905523515	0.205	0.532	0.00115311355710642
HMGN2	4.3651531415005e-08	-0.57650381057789	0.217	0.576	0.00121783407494723
RTN3	4.65588102158823e-08	-0.545084539656694	0.072	0.393	0.0012989442462129
JAML	4.66570107141269e-08	-0.605963990694495	0.108	0.439	0.00130168394191343
LYST	4.72246786108242e-08	-0.567721266037956	0.048	0.358	0.00131752130856338
CPVL	5.64490011808731e-08	-0.617316171261786	0.036	0.325	0.00157487068394518
FTH1	5.95847290055109e-08	-0.458584269278569	0.506	0.826	0.00166235435452475
SET	6.99817170692451e-08	-0.544254199396443	0.181	0.554	0.00195241992451487
STMN1	7.12033618416042e-08	-0.625246872616447	0.072	0.368	0.00198650259201892
H3F3AP4	7.43963665072965e-08	-0.54201164852129	0.217	0.605	0.00207558422918706
TNFSF13	7.5912720360141e-08	-0.521650670732615	0	0.266	0.00211788898532758
ZEB2	9.21725676094262e-08	-0.528561343977641	0.012	0.286	0.00257152246373538
RAB31	9.69457489166339e-08	-0.533836372792811	0.024	0.307	0.00270468944902517
ALDOA	9.88704026923914e-08	-0.535256450362487	0.217	0.587	0.00275838536471503
CREG1	9.99396494883182e-08	-0.509911614692718	0.048	0.347	0.00278821628107459
HOXA9	1.02097908233707e-07	-0.530248015662012	0.024	0.305	0.00284842954181218
DUT	1.05195896610282e-07	-0.570709999111652	0.133	0.463	0.00293486031953026
CTSG	1.10055559304792e-07	-0.586278930804047	0.012	0.28	0.00307044004904439
SPCS1	1.12888443100212e-07	-0.508943333061105	0.06	0.365	0.00314947467405282
LAMP2	1.18389922854512e-07	-0.521666883124261	0.048	0.345	0.00330296045771802
LAIR1	1.20736334041476e-07	-0.516343236637091	0.036	0.323	0.00336842298342314
TAPT1-AS1	1.33987539041088e-07	0.304450911840562	0.699	0.61	0.00373811835170731
NPC2	1.36315442694418e-07	-0.522988434153107	0.072	0.38	0.00380306453573157
NAPSB	1.40261288489914e-07	-0.587629927168371	0.012	0.279	0.00391314968758012
CTSC	1.54891391133529e-07	-0.521232247535921	0.084	0.4	0.00432131492123432
HSP90B1	1.59618875599015e-07	-0.533239056984512	0.217	0.577	0.00445320701033691
PDIA6	1.63603121897188e-07	-0.491057688337651	0.024	0.299	0.00456436349780966
LOC100506844	1.66205967942484e-07	-0.504544306226376	0	0.255	0.00463698029962737
HMGB2	1.67551230994108e-07	-0.584176117997453	0.145	0.468	0.00467451179350463
ERP29	1.69847650993795e-07	-0.514020211072338	0.12	0.449	0.00473857961507587
VSIR	1.77797120968141e-07	-0.523562728137477	0.06	0.358	0.00496036187789016
PSMB10	1.78007024896871e-07	-0.50201701829184	0.072	0.377	0.0049662179875978
HSH2D	1.95256010630503e-07	-0.507150886639893	0.036	0.316	0.0054474474405804
ANXA1	2.23457448342449e-07	-0.511576403775738	0.337	0.694	0.00623423935130599
PLAC8	2.23700834773786e-07	-0.541751659021597	0.217	0.56	0.00624102958935385
ACTB	2.30183038849015e-07	-0.269968711613457	0.807	0.958	0.00642187660084866
PSMA4	2.48388019115695e-07	-0.505527049240935	0.084	0.396	0.00692977734530878
APEX1	2.53614495219944e-07	-0.527260582728551	0.145	0.475	0.00707559080214123
COX5A	2.69115208368374e-07	-0.512470644792982	0.108	0.431	0.00750804519826928
FAM46A	2.78298551086022e-07	-0.518814436590295	0.012	0.266	0.00776425127674894
PRSS57	2.94539470425742e-07	-0.511990384153394	0.012	0.268	0.00821735668540778
CAP1	2.94611982787825e-07	-0.500413446638115	0.325	0.706	0.00821937970779752
NDUFC2	3.22186196845502e-07	-0.489211276848278	0.06	0.35	0.00898867270579266
BST2	3.29905585443367e-07	-0.490690935302264	0.06	0.349	0.00920403592828449
COMMD3	3.32928358154515e-07	-0.492913577545572	0.036	0.306	0.0092883682641528
GNAS	3.40352447528003e-07	-0.510997658214577	0.157	0.494	0.00949549293358375
TPM3	3.59774624269658e-07	-0.424729860705421	0.506	0.832	0.0100373522424992
RAC1	3.71492639490995e-07	-0.502093677017505	0.096	0.41	0.0103642731491593
TAGLN2	4.23278903272711e-07	-0.512055909947104	0.289	0.654	0.0118090581224054
GSN	4.25129988189801e-07	-0.478725403675669	0.012	0.263	0.0118607015405073
CCT8	4.76566387058522e-07	-0.475219619154807	0.06	0.345	0.0132957256325457
COMT	4.80632362654127e-07	-0.453788358880794	0.024	0.285	0.0134091622856875
SOX4	5.15367566731834e-07	-0.49426737474112	0.024	0.281	0.0143782397442514
SUB1	5.16797300671805e-07	-0.492683283617081	0.145	0.488	0.0144181278914427
GRB2	5.91509010133932e-07	-0.493459914355725	0.253	0.608	0.0165025098737266
ATP5G2	5.93811210294621e-07	-0.50391815844454	0.277	0.65	0.0165667389560096
EID1	6.24860872157471e-07	-0.483696228104652	0.145	0.477	0.0174329934723213
TUBA1B	6.29932244029703e-07	-0.544382938976612	0.169	0.474	0.0175744796761847
FGL2	6.35255992829461e-07	-0.602764365409099	0.048	0.308	0.0177230069439491
SEM1	7.08089141205052e-07	-0.471301416787953	0.084	0.375	0.0197549789504797
PDIA3	7.39094711551559e-07	-0.511592255033019	0.205	0.56	0.0206200033575769
ATP5A1	8.17194082597509e-07	-0.47945222012847	0.133	0.459	0.0227988977103879
TSPO	8.81775417704217e-07	-0.483967694402644	0.181	0.528	0.0246006523785299
HLA-DQB1	9.59984389068287e-07	-0.523080845446231	0.012	0.251	0.0267826044706161
ARPC1B	1.03937550315661e-06	-0.481794257137227	0.289	0.658	0.0289975371625663
CPT1A	1.20578498611804e-06	-0.468337120246699	0.072	0.352	0.0336401953277073
TLN1	1.2228377587681e-06	-0.486890818599653	0.205	0.532	0.0341159506318713
PHPT1	1.24113113543241e-06	-0.447183137840515	0.024	0.271	0.0346263175474289
H2AFZ	1.25542419376479e-06	-0.521622570871747	0.108	0.397	0.0350250795818439
RNF130	1.31333700138626e-06	-0.447199318589727	0.036	0.294	0.0366407890016753
TUBB	1.3192221185772e-06	-0.531360946516121	0.108	0.391	0.0368049778861854
CTSD	1.37679102316782e-06	-0.471008308590974	0.084	0.365	0.0384110927553589
GABARAP	1.51092526832439e-06	-0.48338939455025	0.181	0.49	0.0421533040609821
PDIA3P1	1.63973640483244e-06	-0.430045948874099	0.024	0.265	0.0457470059584203
TNFSF13B	1.76320265432179e-06	-0.445715744975128	0.036	0.286	0.0491915908529236
GUCY1A3	1.7868333398418e-06	-0.49792993328936	0.024	0.263	0.0498508633482464
ZNHIT1	1.84644478337362e-06	-0.447574867860822	0.048	0.306	0.0515139630113408
PAK1	1.97741952292972e-06	-0.469531344050467	0.024	0.261	0.0551680272702163
SPTLC2	1.99632178616748e-06	-0.460853388184308	0.072	0.34	0.0556953815122864
GLUL	2.13585853315604e-06	-0.444182151389231	0.048	0.3	0.0595883172165202
MIS18BP1	2.1661703855397e-06	-0.466779364273136	0.06	0.316	0.0604339875861721
NUCB2	2.314203978274e-06	-0.49262100725712	0.12	0.414	0.0645639767898663
XBP1	2.36553233356257e-06	-0.461911213104034	0.096	0.383	0.0659959865740622
EIF3D	2.65283727182984e-06	-0.432423730663585	0.084	0.366	0.0740115070467808
CNPY3	2.77648735334759e-06	-0.426142310119571	0.072	0.34	0.0774612206710444
ITGB2	2.79627476470562e-06	-0.472177992654365	0.193	0.513	0.078013269660522
ARPC4	2.79666386218253e-06	-0.430813781285084	0.024	0.258	0.0780241250910303
GPX4	2.851014894206e-06	-0.458892861602898	0.157	0.47	0.0795404645334531
NCOA4	3.10313967556428e-06	-0.459354295782889	0.133	0.434	0.086574493808568
ITM2C	3.15898655387336e-06	-0.428172160641533	0.048	0.297	0.0881325658665129
CFL1	3.24347523137108e-06	-0.458405105449562	0.337	0.697	0.0904897154800219
TMEM14C	3.29283290754632e-06	-0.421396125205133	0.06	0.317	0.0918667452876347
SNX3	3.4327121961298e-06	-0.421567306772942	0.036	0.278	0.0957692375598254
BMI1	3.74872409843518e-06	-0.440257683401401	0.048	0.291	0.104585653622243
SNRPB	3.98112393957306e-06	-0.42530102772023	0.072	0.337	0.111069376790149
EIF3I	4.01807350637691e-06	-0.427961763809388	0.072	0.334	0.112100232754409
HMGA1	4.08469650504853e-06	-0.403221184490766	0.048	0.298	0.113958947794349
PTPRC	4.15970928929793e-06	0.270254788283846	0.783	0.698	0.116051729462123
PGD	4.2207633078775e-06	-0.425157506563518	0.048	0.295	0.117755075526474
METTL9	4.28772719870842e-06	-0.422147049332157	0.048	0.296	0.119623301116766
NOSIP	4.42139504071597e-06	0.460237557621849	0.277	0.131	0.123352500240935
MEF2C	4.6292891036724e-06	-0.439111511326719	0.048	0.293	0.129152536703356
GNAQ	4.72139128818591e-06	-0.441180779465702	0.048	0.288	0.131722095549099
PRDX3	4.72771462345539e-06	-0.404724582079332	0.024	0.25	0.131898510279782
SAMHD1	5.00739504132432e-06	-0.473154131741634	0.277	0.564	0.139701314257907
FAM30A	5.63241618807058e-06	-0.423224803320873	0.048	0.292	0.157138779230981
SKAP2	5.7739567680868e-06	-0.425773286402075	0.036	0.269	0.161087619872854
COX8A	6.00263050883123e-06	-0.451247648862534	0.169	0.464	0.167467388565882
HACD4	6.17780069040862e-06	-0.414773792673833	0.048	0.288	0.17235446146171
ATM	6.25740785541698e-06	0.447567118390445	0.289	0.141	0.174575421758278
RFLNB	6.81637257695477e-06	-0.389693406816812	0.036	0.266	0.190169978524461
P4HB	7.0084301063049e-06	-0.39780362092911	0.048	0.285	0.1955281915358
PSMB1	7.38954347796388e-06	-0.427939367950039	0.12	0.402	0.206160873491714
SUMO2	8.48441081442142e-06	-0.4412562417129	0.241	0.582	0.236706577311543
CCT2	9.22896215798404e-06	-0.383985790409663	0.048	0.283	0.257478815245597
ERH	9.23043935163597e-06	-0.395125086575469	0.072	0.326	0.257520027471292
MYADM	9.54799880234223e-06	-0.439139502829728	0.084	0.338	0.266379618586546
HSP90AB1	9.94443505740262e-06	-0.366121653288751	0.506	0.757	0.277439793666476
ARF5	1.09023370428746e-05	-0.396950741292145	0.048	0.279	0.30416430115916
LYPLA1	1.14212077199832e-05	-0.390335615133598	0.036	0.257	0.318640274179812
NME2	1.14472212280702e-05	-0.436857101178557	0.193	0.499	0.319366025041932
C8orf59	1.17688002120112e-05	-0.395730791372759	0.12	0.398	0.3283377571149
RHOA	1.18116207380487e-05	-0.443592055578143	0.373	0.73	0.32953240697082
C20orf24	1.20090720746622e-05	-0.412093820125851	0.096	0.356	0.335041101811
ATPIF1	1.26949408015118e-05	-0.401103505190622	0.096	0.358	0.354176153421377
CYTH1	1.29628607214472e-05	0.472657349230097	0.301	0.159	0.361650851267654
SLC25A5	1.31421923897781e-05	-0.435455986745174	0.181	0.472	0.366654025482418
UBE2J1	1.40062617512691e-05	-0.412357001053629	0.096	0.35	0.390760696598656
RNASET2	1.42883584716851e-05	-0.425594320804965	0.181	0.473	0.398630913001544
BAZ2B	1.480082100136e-05	-0.413541427613666	0.036	0.25	0.412928105116942
SCPEP1	1.51535387083784e-05	-0.407544122243407	0.036	0.251	0.42276857642505
ESD	1.64454662050966e-05	-0.375282536409148	0.036	0.251	0.458812061655989
HADHA	1.65545410199758e-05	-0.428793895798751	0.217	0.536	0.461855139916306
NONO	1.77199268690369e-05	-0.428016848142334	0.181	0.478	0.494368239719261
LAPTM4A	1.83917770823071e-05	-0.367024398274909	0.048	0.272	0.513112188819286
ATP5J	1.86947685993813e-05	-0.413664871930426	0.157	0.445	0.52156534915414
SMC4	1.88456606919408e-05	-0.388116974393052	0.06	0.289	0.525775087644457
PDAP1	2.03930858654907e-05	-0.369215122538031	0.084	0.333	0.568946702561326
PTGES3	2.0872920769138e-05	-0.416325019894747	0.157	0.448	0.58233361653818
UQCRQ	2.13886382681374e-05	-0.407306091260002	0.145	0.417	0.596721619042765
HNRNPC	2.18311171953102e-05	-0.430565505107202	0.313	0.645	0.609066338631958
ANAPC11	2.51769208191039e-05	-0.395961291438896	0.096	0.342	0.702410913932181
BCL11A	2.6599699171823e-05	-0.413683070903251	0.084	0.315	0.742105007194689
PTBP3	2.85635123612583e-05	-0.387228870379807	0.133	0.405	0.796893431366744
EIF2S2	3.02659679694249e-05	-0.357159989200769	0.048	0.265	0.844390240378986
RIPOR2	3.19700050882263e-05	0.44420080056234	0.434	0.295	0.891931171956424
HNRNPA1	3.28058580415978e-05	-0.305399516534093	0.614	0.825	0.915250633502538
HIST1H4C	3.3050814175644e-05	-0.448287066085206	0.217	0.495	0.922084664686291
UQCR10	3.417855497145e-05	-0.361821247208463	0.108	0.363	0.953547505148484
NRDC	3.86212022506114e-05	-0.370165142925396	0.06	0.276	1
KPNB1	4.14985129147604e-05	-0.374813027817168	0.108	0.352	1
NDUFA13	4.31013321138092e-05	-0.398662398851654	0.229	0.541	1
FYB1	4.33528426323415e-05	0.446181645817518	0.41	0.281	1
SNRPC	4.48158777323476e-05	-0.342707107628194	0.048	0.256	1
BTG1	4.52293472846141e-05	0.42608300351813	0.349	0.205	1
NDUFB8	4.5569185720137e-05	-0.345708569656912	0.048	0.255	1
SEC62	4.72207450564504e-05	-0.336312389394688	0.06	0.278	1
OSTC	4.77039643538442e-05	-0.359122179359439	0.133	0.404	1
CYLD	5.0793881461101e-05	0.413881595171421	0.337	0.198	1
CCND2	5.11165095509496e-05	0.384418339305825	0.265	0.132	1
GNG5	5.22616044948718e-05	-0.347825892838383	0.06	0.274	1
CCT6A	5.29148967686847e-05	-0.362707565256681	0.12	0.377	1
RTN4	5.36700408839068e-05	-0.377833442027635	0.096	0.328	1
PSMA2	5.54387360918499e-05	-0.350669332699774	0.133	0.392	1
FTH1P3	5.75719380279576e-05	-0.399086175722305	0.205	0.491	1
CLTA	5.96929545220089e-05	-0.364038255154152	0.096	0.325	1
HNRNPA0	6.15278077243564e-05	-0.352736784366178	0.072	0.289	1
SEPT2	6.16919786159894e-05	-0.361269798842963	0.108	0.351	1
PRPF40A	6.28189663591517e-05	-0.373554286964247	0.133	0.389	1
UQCRH	6.52984999624439e-05	-0.359271299981158	0.169	0.441	1
ANP32A	6.54532755647291e-05	-0.364809807331543	0.108	0.351	1
HSD17B11	6.68407279902229e-05	-0.370660670839395	0.145	0.405	1
LAMTOR4	6.80250718670983e-05	-0.351024808103718	0.12	0.37	1
COX6B1	7.04990066520739e-05	-0.389259675495446	0.193	0.491	1
CSDE1	7.10818526644451e-05	-0.394553396915576	0.253	0.553	1
COX5B	7.13064661543353e-05	-0.37878839716686	0.205	0.488	1
RUNX1	7.21645337768095e-05	-0.358942563927781	0.072	0.285	1
RAB10	7.42451122111676e-05	-0.341251393340554	0.06	0.27	1
C7orf73	7.48938045268912e-05	-0.338537647618199	0.06	0.27	1
STARD7	7.53388101692914e-05	-0.344526059115283	0.072	0.29	1
CBX3	7.68877627042038e-05	-0.378955961679559	0.157	0.414	1
USMG5	7.80647557748879e-05	-0.357138795826458	0.157	0.429	1
HNRNPD	7.97067130321384e-05	-0.339799236730491	0.096	0.328	1
LAMTOR1	8.13017422470265e-05	-0.345914203826317	0.084	0.307	1
GADD45GIP1	8.2506985169073e-05	-0.353965424732437	0.072	0.279	1
SERP1	8.32896678729678e-05	-0.346348181744308	0.12	0.371	1
CARD19	8.41153148285028e-05	-0.357449185178682	0.096	0.323	1
RPS27L	8.62681506223913e-05	-0.35713290036464	0.12	0.367	1
C14orf166	8.86275987789365e-05	-0.303466457022636	0.06	0.268	1
ENY2	8.91234453145345e-05	-0.326324330548946	0.084	0.303	1
APPL1	8.91872210089907e-05	-0.3344905832842	0.072	0.288	1
KHDRBS1	9.09992110876436e-05	-0.350528591884138	0.096	0.324	1
POLR2L	9.34615008749127e-05	-0.328380951020581	0.084	0.306	1
PSMA3	9.53326659748013e-05	-0.326891952290475	0.06	0.265	1
MTDH	9.57585836927515e-05	-0.37298042978511	0.181	0.456	1
SNRPE	9.75188579536826e-05	-0.346725480773862	0.12	0.361	1
SH3KBP1	9.82580434001385e-05	-0.347269838055018	0.072	0.279	1
HCST	9.90660585380689e-05	-0.372328316136759	0.193	0.471	1
ACTR2	0.000101902399883692	-0.387150809493385	0.361	0.671	1
NUP214	0.000105871108068954	-0.344440540056069	0.06	0.257	1
SELL	0.00010821945396781	0.432367094292635	0.301	0.174	1
H2AFV	0.00010877264128002	-0.332287570682679	0.084	0.303	1
IQGAP1	0.000108993145354053	-0.382772792534186	0.241	0.532	1
CALCOCO2	0.000112961701201236	-0.353378083112831	0.072	0.274	1
GTF2I	0.000113017845478987	-0.352771733256673	0.133	0.379	1
ZNF207	0.000116867378566466	-0.337815524745307	0.12	0.36	1
BRK1	0.000118743551678328	-0.332970408969268	0.072	0.279	1
MYDGF	0.000120269115405147	-0.318867267088635	0.06	0.26	1
TAX1BP1	0.000122421267889526	-0.351940638021614	0.084	0.297	1
PSMC1	0.000122590375897286	-0.320103200189637	0.06	0.26	1
TAOK3	0.000123174956680392	-0.335355795789757	0.072	0.28	1
MOB1A	0.000127923766836601	-0.349347886982099	0.133	0.37	1
U2SURP	0.000130378007400291	-0.338399993141062	0.096	0.317	1
EVL	0.000132640413263963	0.417932934570472	0.277	0.155	1
ABRACL	0.000138305047079981	-0.338641932324718	0.108	0.336	1
CLINT1	0.00014615857979929	-0.327131525964059	0.084	0.296	1
GNPTAB	0.00014904479741861	-0.325279474290426	0.06	0.256	1
TIMM13	0.000153931284597363	-0.322559989578453	0.072	0.276	1
NUCKS1	0.000155732126375118	-0.369944637479076	0.193	0.459	1
RNA5-8S	0.000156556752756915	-0.370984411887302	0.229	0.507	1
AK2	0.000160618212569994	-0.309944152938505	0.06	0.258	1
FOS	0.000163390133080504	-0.373255954292983	0.241	0.514	1
CCDC88A	0.00016380953778137	-0.341880680071506	0.12	0.35	1
SNORA109	0.000166173148537534	-0.373782485924597	0.337	0.618	1
RAP1B	0.00016969031778463	-0.331942056960288	0.12	0.35	1
HNRNPM	0.000171638535640382	-0.326822098344761	0.108	0.334	1
HMGN1	0.000171816560328417	-0.349839298805228	0.181	0.44	1
NSA2	0.000173754436689351	-0.313785672227251	0.084	0.296	1
CALM1	0.000174781100610883	0.267687222101882	0.627	0.57	1
HNRNPUL1	0.000175910431483254	-0.310472781850404	0.072	0.272	1
IRF2BP2	0.000178988830533663	-0.327501301329988	0.169	0.43	1
SNRPD1	0.000181525535734007	-0.317104202759179	0.084	0.292	1
HINT1	0.000184502001637962	-0.320285024949646	0.578	0.834	1
PTTG1IP	0.000190642675570097	-0.325377905561913	0.145	0.387	1
SSR3	0.000198354915114916	-0.348087099367324	0.157	0.398	1
SERBP1	0.0002010928185486	-0.363966007964624	0.289	0.583	1
CHCHD2	0.000203457346136003	-0.37239505708913	0.301	0.59	1
ANKRD28	0.000203685488089002	-0.343642124094961	0.108	0.325	1
CDC42SE2	0.000212544543570129	0.381592087104175	0.398	0.285	1
RBMX	0.000215445788903323	-0.343942319082262	0.169	0.421	1
NEDD8	0.000219573803590903	-0.299130700681567	0.084	0.29	1
PARVG	0.000221019632248963	-0.295804593936447	0.06	0.25	1
PSMA6	0.000224973865198027	-0.369148342971904	0.241	0.517	1
S100A4	0.000226266717929377	-0.327489595767802	0.494	0.76	1
SELENOH	0.000228239876865062	-0.357405616926102	0.313	0.621	1
XPO1	0.000234725532851609	-0.295450120164285	0.072	0.273	1
DDOST	0.000237282756939015	-0.290621704633117	0.072	0.271	1
PCBP2	0.00023816785613092	-0.339522803186168	0.277	0.571	1
ARL6IP1	0.000238589822927014	-0.322710766101438	0.133	0.361	1
DNAJC1	0.000241325344832119	-0.311479578601884	0.084	0.286	1
AHR	0.000250406511648252	-0.347490350867415	0.12	0.335	1
PPP1CB	0.000252003093001567	-0.315516955852931	0.133	0.366	1
AHNAK	0.000255748922654451	-0.369122303103513	0.253	0.514	1
FAM107B	0.00025739662698218	0.38532118136825	0.277	0.159	1
ATP5G3	0.000261106141247213	-0.339673776444451	0.205	0.49	1
TOMM6	0.000262813443457653	-0.290148546465919	0.096	0.31	1
EVI2A	0.00026338256383255	-0.341607817041936	0.133	0.351	1
CORO1A	0.000270244150611555	-0.337250191424123	0.181	0.433	1
EIF3M	0.000272699640565941	-0.3016910879426	0.096	0.309	1
SF3B6	0.00028146198579316	-0.294321954503548	0.072	0.267	1
TBCA	0.000281868497984585	-0.303546811350576	0.096	0.307	1
BTF3	0.000283827907958084	-0.310163948974632	0.566	0.818	1
UBB	0.00028812441786456	-0.3136199291136	0.602	0.869	1
PARK7	0.000299211755589623	-0.320528379455986	0.145	0.389	1
ARPC2	0.000299232142154671	-0.370075532137273	0.422	0.758	1
NAA38	0.000300320199330628	-0.321408056493427	0.12	0.336	1
RAN	0.000308296493557755	-0.356829286827695	0.205	0.457	1
ZC3HAV1	0.000310072843770996	0.396573825640153	0.325	0.207	1
SNRPD3	0.000320334307644356	-0.292475118489061	0.096	0.306	1
RBM39	0.000324350346625041	-0.337357524623536	0.265	0.558	1
COX7B	0.000329954326700465	-0.336336650451984	0.205	0.462	1
TOP2B	0.000333700752327761	-0.305710313543271	0.072	0.261	1
RBX1	0.000338002310769687	-0.314266090294092	0.12	0.337	1
CXCR4	0.000345955951868911	0.379393461020912	0.337	0.222	1
CKLF	0.000348336120828658	-0.320415696768662	0.157	0.395	1
EPB41	0.000354297909717935	0.36901983482979	0.253	0.14	1
ROCK1	0.000358778521979743	-0.312698175049706	0.12	0.338	1
MRPL57	0.000363052071211344	-0.284150109301476	0.096	0.304	1
GSTO1	0.000363565321967908	-0.31496898369914	0.145	0.38	1
UBE2L3	0.000364585055936832	-0.304761453718297	0.108	0.323	1
PSME1	0.000367622689928597	-0.362866802047929	0.301	0.605	1
CCNI	0.000371212382794388	-0.33779735266737	0.241	0.509	1
PGK1	0.000379131408807362	-0.298838796909929	0.157	0.394	1
STAG2	0.000380370983654818	-0.30357062925811	0.133	0.36	1
PPIP5K2	0.000380534321788833	-0.295507312330765	0.072	0.261	1
CAPZA1	0.00038602807530858	-0.325683483298199	0.241	0.525	1
CHP1	0.000407900850707887	-0.298910314120274	0.072	0.257	1
ATP5O	0.000412102671313998	-0.307237859420722	0.181	0.431	1
ARF1	0.000414787370351126	-0.330988329824171	0.181	0.417	1
NDUFB1	0.000418127088985754	-0.299736423795294	0.12	0.337	1
EEF2	0.000442338888855463	-0.301550933201427	0.59	0.846	1
GNAI2	0.000442961077605307	-0.290387630765276	0.084	0.279	1
NDUFS5	0.00045908978151943	-0.306517659827851	0.133	0.352	1
JMJD1C	0.000475606648643227	-0.307978453965865	0.084	0.273	1
CCT3	0.000514079395094432	-0.286606968850529	0.096	0.298	1
CSNK1A1	0.00052207367499678	-0.300996978555073	0.145	0.361	1
TUFM	0.000530660141679366	-0.281542000154177	0.096	0.296	1
PNRC2	0.0005633775370745	-0.272889665590136	0.096	0.294	1
ATP5G1	0.000572953935722113	-0.274205112537067	0.072	0.254	1
ATP5E	0.000584487883682447	-0.350020732475763	0.47	0.795	1
AP2M1	0.000593418886708667	-0.263680611074757	0.084	0.271	1
PAK2	0.000634358961497583	-0.300570217937111	0.145	0.357	1
C6orf48	0.00065622766057916	-0.322705664083668	0.241	0.511	1
IPO7	0.000680111877331551	-0.261092879547608	0.072	0.252	1
PTPRE	0.000690521623815145	-0.28603120753346	0.096	0.286	1
LSM3	0.000717064699021045	-0.276198530064513	0.096	0.289	1
EIF3A	0.000754412336340024	-0.3092462220947	0.193	0.434	1
EIF3L	0.000759238154257531	-0.325770067715248	0.253	0.532	1
FKBP1A	0.000805912326128701	-0.275014313811817	0.096	0.285	1
PPA1	0.000806861484491497	-0.268986944379954	0.096	0.285	1
PSME2	0.000864091256370843	-0.295021035051499	0.145	0.364	1
SF3B2	0.0008943859981644	-0.275401997004811	0.108	0.303	1
TM9SF2	0.000896032508987365	-0.27104938546196	0.108	0.303	1
ARF6	0.000910079672275738	-0.264101655418292	0.12	0.326	1
USP22	0.000920236990652943	-0.269085107987864	0.084	0.263	1
DYNLL1	0.000929258601412248	-0.29070526917531	0.169	0.397	1
NMI	0.000944438234901086	-0.26804480666561	0.096	0.282	1
MDH1	0.000966181688088827	-0.266788713306407	0.084	0.262	1
PSMA7	0.00097048546196062	-0.312109580059335	0.265	0.539	1
SNHG8	0.000979185130271732	-0.302101680543185	0.181	0.407	1
AMD1	0.000983244145356874	-0.27603530654921	0.12	0.321	1
GPCPD1	0.00100846710100668	-0.29315018881655	0.084	0.258	1
VPS29	0.00101180052320574	-0.263316870779207	0.096	0.28	1
CUTA	0.00101726401795862	-0.264817164045326	0.096	0.279	1
FAM49B	0.00103029103779068	-0.266116506735501	0.096	0.279	1
EIF2S3	0.00105663447179295	-0.293324711162306	0.253	0.518	1
AES	0.00106133907334627	0.343439328787505	0.289	0.182	1
PAIP2	0.00106554742307316	-0.252617142818901	0.096	0.284	1
NDUFA4	0.00108766380659377	-0.332233587306483	0.41	0.703	1
C14orf2	0.00108873942524496	-0.278626243990673	0.193	0.437	1
AFF1	0.00110300948378159	-0.265691849168851	0.084	0.261	1
LAMTOR5	0.00110578920595131	-0.262393792393577	0.084	0.257	1
SRP72	0.00113820570662903	-0.277259144772102	0.133	0.338	1
LDHA	0.00116707783622591	-0.294211801202943	0.217	0.472	1
DRAP1	0.00118380667896206	-0.25773350072974	0.108	0.3	1
ZNF106	0.00119230341682925	-0.272300819125825	0.084	0.253	1
RCSD1	0.00119299823466202	-0.261906595011543	0.12	0.316	1
NHP2	0.00121071716452713	-0.256583549464684	0.096	0.28	1
RPL22L1	0.00121627442954153	-0.290085936852176	0.157	0.372	1
PTPN6	0.00122429642611411	-0.250005121630219	0.084	0.261	1
SIVA1	0.00122835324255617	-0.272923730856034	0.12	0.314	1
TMEM14B	0.00125737345966296	-0.26904363954591	0.12	0.311	1
CMTM6	0.00127063671906578	-0.279056172016934	0.108	0.288	1
NDUFB4	0.00131031695127676	-0.263236701962395	0.108	0.296	1
ROMO1	0.00132350977378084	-0.26367276777254	0.133	0.34	1
BNIP2	0.00132521497290393	-0.254992401479754	0.084	0.257	1
HSPA5	0.0013427034429138	-0.297728922918462	0.241	0.477	1
SUPT16H	0.00137128625277776	-0.254765117170131	0.108	0.297	1
SRSF6	0.00139582023980533	-0.283486747891112	0.181	0.411	1
RNASEK	0.0014336169999455	-0.255961811520336	0.133	0.331	1
BCAP31	0.00146649264122219	-0.257536345707684	0.096	0.273	1
RPS6KA3	0.0014984055759166	-0.27441246286208	0.084	0.252	1
HSPD1	0.00153964902382164	-0.311445068376604	0.265	0.499	1
SNX2	0.00157434138299912	-0.250247380791952	0.084	0.255	1
PEBP1	0.00158106233242847	-0.318293441657535	0.277	0.548	1
SLC38A1	0.00161568363339855	0.341670227045049	0.337	0.233	1
WDR83OS	0.00162390001869058	-0.255025849445687	0.108	0.287	1
DEK	0.00165000272083318	-0.295363553244999	0.169	0.377	1
KTN1	0.00167699195534018	-0.261571944737818	0.145	0.343	1
ELOB	0.00177057410308936	-0.254835945885216	0.145	0.351	1
ACTR3	0.00179672861356707	-0.26261809162871	0.205	0.431	1
VTRNA1-1	0.00188712100812746	-0.253265744446551	0.12	0.312	1
HLA-F	0.00189736433098057	0.346536765954896	0.301	0.203	1
UQCR11	0.00194828783047695	-0.301796677485511	0.313	0.601	1
ZFAS1	0.00195773287498396	-0.307315205781984	0.494	0.769	1
NDUFB2	0.00196717421691313	-0.264739562326476	0.181	0.404	1
EIF3K	0.00197185224511412	-0.270866697097672	0.205	0.446	1
RSL24D1	0.00201014575459229	-0.273818295328676	0.229	0.481	1
PRR13	0.00201652608289813	-0.254712166673369	0.157	0.361	1
RBM3	0.00217672163297397	-0.27969399404283	0.265	0.528	1
ANXA2	0.00218121829957298	-0.281686820770748	0.12	0.292	1
HIST1H1E	0.00218447362550375	-0.254017387013518	0.108	0.286	1
CDC42	0.00234163414833757	-0.296229250144845	0.422	0.695	1
TMBIM6	0.00240957056334411	-0.295146380349173	0.277	0.555	1
ATP5C1	0.00252312897867101	-0.263697598211486	0.169	0.375	1
IQGAP2	0.00259473051769218	-0.270094165035401	0.133	0.306	1
TMEM258	0.00266473895442402	-0.252180981792616	0.157	0.357	1
CNBP	0.00266948905881692	-0.292820321887539	0.313	0.58	1
SERF2	0.00271378915511477	-0.306764121800041	0.542	0.826	1
SPN	0.00273014776199523	-0.279600116402751	0.241	0.476	1
LAPTM5	0.00285780321842699	-0.278839741824363	0.337	0.606	1
CBX5	0.00290982154692748	-0.250137174146878	0.096	0.252	1
SELENOF	0.00297265091955852	-0.265161380135693	0.193	0.398	1
CD48	0.00345650066207883	0.345416482058721	0.313	0.22	1
MSN	0.00374360320541453	-0.267290176501597	0.205	0.422	1
SMG1	0.00396983175359232	0.272886967586928	0.47	0.421	1
ST13	0.00454076650061013	-0.251779822726597	0.193	0.398	1
ARL6IP5	0.00540928218209374	-0.254881322957708	0.277	0.54	1
SNHG5	0.00616246739774764	-0.260214916526336	0.289	0.528	1
COX7A2	0.00693352971316439	-0.26527524626065	0.289	0.535	1
COX6A1	0.00766648686886477	-0.27213083445386	0.337	0.582	1
KMT2E	0.00776918886019947	0.319725856768944	0.361	0.292	1
SH3BGRL3	0.00896989917956983	-0.257354774685395	0.386	0.621	1
SLC25A6	0.00961974731333849	-0.255170026989599	0.494	0.739	1
HSP90AA1	0.00978701797885593	-0.261196730865646	0.47	0.705	1
ZFP36L2	0.0132424687560632	-0.257492205175066	0.398	0.664	1
NCL	0.01336840646122	-0.255717920521651	0.349	0.608	1
ARHGAP45	0.0293951388180201	0.269608865147534	0.265	0.203	1
MPHOSPH8	0.0658242950032637	0.256081625210275	0.253	0.21	1
