Genes	p_val	avg_log2FC	pct.1	pct.2	p_val_adj
SMIM10	1.47262759551854e-08	0.882954206566773	0.4	0.023	0.000410848372873719
SYNJ1	2.1853886879305e-08	0.878574071933472	0.4	0.024	0.00060970159004573
ELANE	3.29182785051033e-08	1.42225782291186	0.8	0.095	0.000918387052013878
TMEM120B	3.45350623831396e-07	0.890727039403427	0.4	0.028	0.00963493705427211
PRTN3	3.96079623038064e-07	1.36857019025469	0.6	0.066	0.011050225403139
PIWIL4	2.11439412032947e-06	0.893968838940667	0.4	0.033	0.0589894815630718
TDP1	4.31357601864603e-06	1.03545027665189	0.4	0.035	0.120344457344206
EGR1	7.5422072270592e-06	1.13332386398146	0.6	0.084	0.210420039427725
DENND1A	1.67177634362445e-05	0.87703540128856	0.4	0.039	0.466408882107785
MIGA2	1.9193883294709e-05	0.876996831285647	0.4	0.04	0.535490150039086
TCEAL9	2.51725162386092e-05	0.974862960476769	0.4	0.041	0.702288030540959
CWC22	2.75452044972178e-05	1.05231535033244	0.6	0.096	0.76848366026788
SFI1	4.91491132783307e-05	0.859812828669332	0.4	0.043	1
SNX19	5.44912833840637e-05	0.860856957907379	0.4	0.044	1
PGS1	6.91592972313728e-05	0.860559790296082	0.4	0.045	1
SNRNP70	9.55848970021018e-05	1.09428134350361	0.8	0.222	1
SYNRG	0.000131609617520189	1.02358030370276	0.6	0.113	1
STAT5A	0.000132499179584575	1.08859394323472	0.6	0.116	1
QTRT2	0.000169698006942651	0.827272040621509	0.4	0.05	1
TSFM	0.000174718845937549	0.8374701750497	0.4	0.05	1
DUSP11	0.000221165545680325	0.846481993974943	0.4	0.051	1
STX17	0.000237316853819063	1.01646879064894	0.6	0.122	1
GOLGA5	0.000381727710616452	0.934937062916815	0.4	0.055	1
KIAA1147	0.000387394961810664	0.810712046037468	0.4	0.055	1
WDR73	0.000479320029674215	0.90190911761316	0.4	0.057	1
YES1	0.000486392951591333	0.928648995357746	0.4	0.057	1
PTCD3	0.00052680255378885	1.04228604974877	0.6	0.137	1
SNX29	0.000651613479426357	0.823561623320827	0.4	0.059	1
KMT2E-AS1	0.000950337701938455	0.905294997243709	0.4	0.063	1
RNA28S	0.000957041036905851	0.277166757292314	1	0.999	1
SDHAF3	0.000982563046855203	0.80416594861636	0.4	0.062	1
ANKRA2	0.00124862548013431	0.818745773289676	0.4	0.065	1
RRAGB	0.00166106735814112	0.786186831692288	0.4	0.067	1
CD52	0.0017986465117308	-1.65983223612927	0	0.804	1
ELAC2	0.00182049361263522	0.782096488974663	0.4	0.069	1
GFM2	0.00199722112006682	0.911715338844267	0.4	0.071	1
KDELC2	0.00216214003188962	0.821664873087168	0.4	0.071	1
RPL30	0.00236692758855079	-0.45410213309352	0.8	0.987	1
DDX1	0.00237654241971296	0.925694925112999	0.6	0.175	1
AZU1	0.00241152584468219	1.17398078342259	0.6	0.166	1
CBR1	0.0028743737919862	0.961590030723887	0.6	0.176	1
NIPBL	0.00301127926805742	0.853660206825742	0.8	0.359	1
RPL41	0.00332031057103441	-0.462946641708803	0.8	0.977	1
AKAP9	0.00332531809417584	0.87429546873249	0.8	0.337	1
OAZ1	0.00337684534158505	-1.41863438560079	0	0.752	1
CWF19L2	0.00343229048553083	0.883400072378985	0.4	0.077	1
UBC	0.00429813531489799	-1.37980818447688	0	0.731	1
B2M	0.00437454067322741	-0.329742144565591	1	0.994	1
HLA-E	0.00472363512350394	-1.38795484918878	0	0.722	1
CD74	0.00489046946780249	-0.956998768113676	0.4	0.913	1
TMEM159	0.00507297207078876	0.777506571521901	0.4	0.083	1
SRSF2	0.00530412954283936	0.749257358264423	0.8	0.393	1
NUP43	0.00534350527466389	0.847257541774873	0.4	0.084	1
UBB	0.00546006566186446	-1.15441862144125	0.2	0.864	1
HLA-DRA	0.00584862752258994	-1.18797490502608	0.2	0.821	1
MT-ND4	0.00604508221781254	0.456332707993989	1	0.861	1
METTL12	0.00607305206068522	0.845519446916282	0.4	0.086	1
CAP1	0.00608655277426256	-1.32658591813145	0	0.699	1
HLA-DPA1	0.00620817841795029	-1.38416655423934	0	0.697	1
FAM204A	0.00631764242245526	0.915802846202897	0.6	0.208	1
FLNA	0.00641900551801829	0.918068702796619	0.6	0.21	1
RPL37A	0.00646913934514765	-0.437860942782856	0.8	0.974	1
CDC42	0.0067157591175831	-1.29365976831939	0	0.69	1
ACP1	0.00782204790311043	0.902497817866904	0.6	0.216	1
S100A6	0.00836599263373397	-1.33488589390815	0	0.669	1
ELP5	0.0089195428551545	0.750438025182955	0.4	0.092	1
PHB	0.00941247257549553	0.805829478873011	0.6	0.222	1
PCLAF	0.00957300498564091	0.95406223526407	0.6	0.228	1
TMEM70	0.00981933255650087	-1.21888698579716	0	0.653	1
FTH1	0.00999068519358955	-1.0709310504965	0.2	0.82	1
RACK1	0.0100190504064388	-0.406350372782041	0.8	0.935	1
SLC35F5	0.0103491432666774	0.753435352191503	0.4	0.096	1
TAGLN2	0.0104031849510454	-1.26201038952978	0	0.647	1
MT-ND1	0.010539887911852	-1.24814727603264	0	0.646	1
EIF3A	0.0105626867948981	0.678826418408787	0.8	0.428	1
CEP95	0.0106233625813934	0.752283972846492	0.4	0.096	1
RNASEH2C	0.0110009561702007	1.0026825938777	0.6	0.24	1
YWHAB	0.0113629927612081	-1.20507659717156	0	0.638	1
RPLP2	0.0115292487054198	-0.302857567609745	1	0.986	1
ATP5L	0.0115398747120387	-1.18516327058252	0	0.637	1
GGA2	0.0130463961166993	0.733482502935044	0.4	0.1	1
HNRNPH1	0.0131872062159318	0.714333408361517	0.8	0.486	1
PPIG	0.0135912765326315	0.790028831388867	0.6	0.239	1
SH3BGRL3	0.0140231283346077	-1.17271386795519	0	0.617	1
SMC3	0.0149503211625433	0.884649405443697	0.6	0.257	1
ZBTB11	0.014997000430964	0.881980134357055	0.4	0.105	1
MCM6	0.0152827491757164	0.755458234726306	0.4	0.105	1
DDX46	0.0155165042081095	0.813470345199052	0.6	0.255	1
C5orf24	0.01561231314669	0.707595823211177	0.4	0.103	1
GRB2	0.0162149902423955	-1.142734381893	0	0.601	1
HNRNPK	0.016333643465858	-1.11840409366565	0	0.6	1
TRIM33	0.0165792472428775	0.733956172743599	0.4	0.106	1
UQCR11	0.0171432391372031	-1.10822045657868	0	0.595	1
AFF4	0.0175726174900226	0.931576420201251	0.4	0.108	1
ELMO1	0.017594723426437	0.728151516876613	0.4	0.108	1
UBR4	0.0183867648257412	0.724328622421963	0.4	0.108	1
ITM2B	0.0185517020759477	-1.1080545196004	0	0.586	1
TCF25	0.0186340092593202	0.747126738767436	0.6	0.256	1
HLA-DRB5	0.0196813043580594	-1.12190962916213	0	0.58	1
TLE4	0.0200938423012079	0.72221956983239	0.4	0.11	1
SERBP1	0.0201960049500284	-1.1043043012442	0	0.577	1
SRSF3	0.0202661346739009	0.578009823196208	0.8	0.512	1
SUMO2	0.0205292821836363	-1.07708668406545	0	0.575	1
PSAP	0.0207217531831756	-1.14126347291849	0	0.574	1
RPS11	0.0212868798077644	-0.418093221207683	0.8	0.989	1
SRGN	0.021745040807935	0.418178770873359	1	0.863	1
SSR4	0.0218070962407914	-1.07911844064462	0	0.568	1
DBI	0.0219080394870866	-1.11191714876153	0	0.568	1
EEF1D	0.0223156584828739	-1.05118335782543	0	0.566	1
MDN1	0.0228535065807995	0.711730707850157	0.4	0.114	1
LARS	0.0228941697513611	0.770567650328859	0.6	0.28	1
CCT5	0.0232911858205541	0.792777336018076	0.6	0.284	1
NMI	0.0233933697724004	0.7364281829047	0.6	0.277	1
SAMHD1	0.0238458553875314	-1.17362494720545	0	0.558	1
LST1	0.0242278120037982	-1.06681267883837	0	0.556	1
SF3B3	0.0251520177034834	0.695691929191371	0.4	0.117	1
CD99	0.0256330771235634	-1.09164988431474	0	0.55	1
MRPL30	0.0268174718019513	0.692207314791799	0.4	0.119	1
BPTF	0.0273822487456018	0.869836833988832	0.6	0.301	1
ARGLU1	0.0274066282195223	-1.03926431601709	0	0.542	1
FAU	0.0278039462803789	-0.575276561765993	0.6	0.97	1
DOCK5	0.0278641701080408	0.679647794507821	0.4	0.118	1
TET2	0.0279404430511812	0.943829649145905	0.4	0.123	1
DDX5	0.0282736631564337	-0.920235734571176	0.2	0.782	1
SIGIRR	0.0282976204094402	0.684576293099577	0.4	0.119	1
ARL6IP5	0.0288964325510325	-1.03031853029631	0	0.535	1
DUSP6	0.0290235012275914	-1.07084553003425	0	0.535	1
HOXB4	0.0305206594509943	0.682821393076663	0.4	0.123	1
IQGAP1	0.0311191919355296	-1.03580817918806	0	0.527	1
CKAP2	0.0312151955959106	0.674760057764241	0.4	0.121	1
TLN1	0.0313218010684412	-1.01378815639661	0	0.526	1
RPL36	0.0314970746050177	-0.904819661205368	0.2	0.771	1
UBAP2	0.0315593707392329	0.676351253430619	0.4	0.122	1
RPS15A	0.032219528408349	-0.396442660310491	0.8	0.994	1
GAS5	0.0322516404229992	-0.924284914473119	0.2	0.742	1
CTSG	0.0325271133681323	0.815857365643705	0.6	0.274	1
SEMA4D	0.0326859817383856	0.687407398491938	0.4	0.124	1
RPL13AP20	0.0334787883932808	-0.960987228849735	0	0.518	1
RN7SL2	0.0345761718522504	0.700681863512568	0.4	0.129	1
WAC-AS1	0.0358712236158992	0.773915620389087	0.4	0.13	1
C6orf48	0.0367452851183668	-0.964693318437866	0	0.506	1
NDUFB1	0.0370217710827399	0.773837801821667	0.6	0.332	1
CRIP1	0.0371322039698076	-1.0823801425423	0	0.505	1
TXN	0.0379159007846343	-0.964830492080925	0	0.502	1
CD44	0.0379949985211607	-0.976622530414531	0	0.502	1
LONP2	0.0381760595692452	0.66219977557671	0.4	0.13	1
PHF14	0.0386395331198679	0.662267617325996	0.4	0.129	1
C11orf58	0.0398512650792631	-0.939352561460348	0	0.496	1
RPL19P12	0.040209423040845	-0.879505409631251	0.2	0.758	1
NOTCH2NL	0.0404838301986289	0.818684670564199	0.4	0.137	1
NME2	0.0408483303647257	-0.951827513235858	0	0.493	1
EIF1	0.0411127772346553	-0.913795425904903	0.2	0.838	1
SMS	0.0416421864066787	0.666573358323211	0.4	0.135	1
THUMPD1	0.0417859269830257	0.675471091902145	0.4	0.133	1
ZC3H7A	0.0422353503642106	0.656650428979134	0.4	0.134	1
RASGRP2	0.0430555938104536	0.673253956726273	0.4	0.136	1
FTH1P3	0.0433408765007793	-0.94337402564031	0	0.485	1
GABARAP	0.0436055411700824	-0.932161202587163	0	0.484	1
PSMA1	0.0437597933737197	0.673816843428164	0.6	0.338	1
DMXL2	0.0442665316851835	0.759258056604424	0.4	0.138	1
SUB1	0.0444971382893028	-0.91292133133131	0	0.482	1
GMFG	0.0450083649378346	0.478275928189351	0.8	0.579	1
ZCCHC6	0.0457387334957629	0.662663928049847	0.4	0.137	1
EIF3H	0.0467901999543044	-0.904258197716192	0	0.475	1
SPN	0.0479239703946927	-0.912390967488188	0	0.472	1
MRPS18C	0.0481221383145897	0.657381163306763	0.4	0.139	1
ARID1B	0.0484161777349051	0.663640520856682	0.4	0.14	1
EID1	0.0485954173946754	-0.901450437807812	0	0.47	1
SARAF	0.0501584197944564	-0.892253260955318	0	0.466	1
HCST	0.0502574252538572	-0.887519737568618	0	0.466	1
MALAT1	0.0505716464560334	0.263498584287417	1	0.981	1
GLIPR1	0.0517613280870119	-0.918619603890927	0	0.462	1
FOS	0.0521014163217977	0.521272382542932	0.8	0.507	1
PSMB5	0.0544379253994263	0.676550091556921	0.4	0.147	1
TAPBP	0.0545587249636048	-0.880404715011127	0	0.455	1
ARPC3	0.0546642592320371	-0.816826086116234	0.2	0.73	1
ATG16L2	0.0550682842838162	0.655148046092361	0.4	0.147	1
NCBP3	0.0551286741161708	0.754187621908087	0.4	0.149	1
RPL31	0.0553308861849272	-0.317033778735435	0.8	0.995	1
NDUFV1	0.056361496462309	0.645398733724436	0.4	0.148	1
MYL12A	0.0563632246439321	-0.797210579952093	0.2	0.692	1
NSD3	0.0564424548976719	0.743899980775229	0.4	0.149	1
CCDC88A	0.0565349525986132	0.653011885661212	0.6	0.345	1
ASF1A	0.0574473564770192	0.653843581503943	0.4	0.147	1
TRPM7	0.0577743150217679	0.710380710315215	0.4	0.149	1
RABL6	0.0578346488595986	0.664992959046319	0.4	0.15	1
HSP90AA1	0.0580541579992911	0.396973912091078	0.8	0.7	1
RABEP1	0.0583432030857117	0.706009498998338	0.4	0.15	1
COX20	0.0593498504445874	0.646380124694753	0.4	0.149	1
UBXN4	0.0598996501687395	0.636600411008914	0.6	0.36	1
EIF3K	0.0599423695932878	-0.836048858587008	0	0.442	1
ARHGDIB	0.0618431754838115	-0.77762423271302	0.2	0.695	1
GCA	0.0622689584772811	0.652219352556286	0.4	0.153	1
EEF1A1	0.0627751653448852	-0.296572248446703	0.8	0.999	1
RPS29	0.0628318346375098	-0.528923453810189	0.6	0.982	1
HMGN1	0.0630843799294959	-0.823345524521644	0	0.435	1
CBWD5	0.0632767993777941	0.659489685896108	0.4	0.155	1
SNRPE	0.0637746550499199	0.569028631373009	0.6	0.356	1
RHOA	0.0638686820525385	-0.797561037335969	0.2	0.723	1
MAT2A	0.0642019312498202	0.645131024720381	0.4	0.156	1
C14orf2	0.0642807187309872	-0.817508755117066	0	0.432	1
MRPL33	0.0646431099111923	-0.825818620376372	0	0.431	1
TALDO1	0.06598576476829	-0.819188583962278	0	0.428	1
CORO1A	0.0659857651107525	-0.816571718867513	0	0.428	1
ACTR3	0.0668516323411878	-0.821431215837605	0	0.426	1
OST4	0.0674756054772816	-0.795410900534086	0	0.425	1
LOC100190986	0.0675549291686927	0.711662781862025	0.4	0.157	1
EFHD2	0.0676014549510397	0.721962226129475	0.4	0.157	1
MAP3K1	0.0676308870212122	0.758254790194699	0.4	0.159	1
COX5A	0.0677264838216386	-0.806913378769102	0	0.425	1
USP14	0.0692031366241853	0.635636947580278	0.4	0.157	1
MSN	0.0709252974792635	-0.809355586639729	0	0.418	1
CD302	0.0715791800302913	-0.80265800643312	0	0.417	1
AIF1	0.0720970977635254	-0.777011049211261	0.2	0.687	1
CNST	0.0726829613350436	0.67867253745019	0.4	0.158	1
BROX	0.0731704976447108	0.799561578230231	0.4	0.162	1
RPS27A	0.0736423301245881	-0.400470313401388	0.8	0.995	1
PRKCSH	0.0737349221714707	0.643789124759039	0.4	0.163	1
CST7	0.0737413451313321	0.800728806916482	0.4	0.16	1
ARF1	0.073838162345054	-0.787373668106789	0	0.412	1
BTF3	0.0743659159190174	-0.629774707017365	0.4	0.813	1
RPL24	0.0746675851492257	-0.314136049373738	0.8	0.942	1
ANKRD11	0.0747100450235981	0.702112383553537	0.4	0.161	1
CALM2	0.0754196130660427	-0.803167330715318	0.2	0.761	1
PCM1	0.0757405414289604	-0.800016697178247	0	0.409	1
NACA2	0.0762911360692718	-0.758676835091595	0	0.408	1
EVI2B	0.0771229604435371	-0.809697618412892	0	0.406	1
ARHGDIA	0.0777700372924842	0.635891210571815	0.4	0.166	1
IST1	0.0782430645833402	0.604680554301426	0.4	0.162	1
RAC1	0.0782431975593963	-0.7823679298834	0	0.404	1
VIM	0.0784134712964425	-0.508986373785226	0.6	0.889	1
VPS26A	0.0799115299261427	0.744969391354084	0.4	0.164	1
HSD17B11	0.0805222543798597	-0.765492880884183	0	0.4	1
PTBP3	0.0805222545054101	-0.781684665245722	0	0.4	1
VBP1	0.0813521101273619	0.625978204624733	0.4	0.168	1
ZYX	0.0819099560008359	0.601439129042518	0.4	0.165	1
SHOC2	0.0831260106196635	0.693991169921672	0.4	0.169	1
SELENOF	0.0837412769738658	-0.758411878612775	0	0.394	1
ST13	0.0837412774048364	-0.75546402137288	0	0.394	1
ANKRD12	0.0838899744594663	-0.794684822524814	0	0.394	1
SEPT7	0.0841879956666542	-0.76033925032358	0	0.393	1
C8orf59	0.0844868525080162	-0.742183419533309	0	0.393	1
SSR2	0.0844868527900131	-0.736180803331189	0	0.393	1
CYP20A1	0.084722472744265	0.816098631864648	0.4	0.17	1
DYNLL1	0.0847865473486305	-0.756929704156702	0	0.392	1
DDX6	0.0853884532781074	-0.766238200497844	0	0.391	1
CKLF	0.0855394563574379	-0.771670984454714	0	0.391	1
EIF4G2	0.0856906703140026	-0.758156230713538	0	0.39	1
XRCC5	0.086297638184461	-0.755460131989065	0	0.389	1
LGALS1	0.0874822202896082	-0.777905002343425	0.2	0.684	1
GSTK1	0.0876757318627003	-0.733499764122265	0	0.387	1
RTN3	0.0881389372092532	-0.736026324775567	0	0.386	1
CDCA7L	0.0883040585498476	0.620329467909566	0.4	0.171	1
CFL1	0.0884279091619496	-0.731882820567824	0.2	0.689	1
HIST1H1C	0.0885841961959803	0.813791664920987	0.4	0.177	1
NUDT21	0.0889423835205679	0.68248040396285	0.4	0.173	1
PARK7	0.0893836048368735	-0.731315459197972	0	0.384	1
CHURC1	0.089540158947041	-0.754338167207523	0	0.384	1
HNRNPA2B1	0.0899806852815976	0.379029744038194	1	0.705	1
ATF4	0.090484036195581	-0.734349588465805	0	0.382	1
PTTG1IP	0.0904840367893054	-0.740574237039849	0	0.382	1
TTC37	0.0908077130002322	0.586756231926056	0.4	0.17	1
FNBP1	0.0941752626822661	-0.735970138664664	0	0.376	1
TRAM1	0.0946653584379675	-0.74678298730576	0	0.376	1
DDX39B	0.0951719661228334	0.588451107703947	0.4	0.173	1
MT-ATP6	0.0954228550566235	-0.692315542045223	0.2	0.776	1
RSRP1	0.095586577062924	0.550367503801245	0.6	0.395	1
KIAA0368	0.0957952997052278	0.581072743748654	0.4	0.171	1
NPC2	0.0958167479179337	-0.720459788355091	0	0.374	1
CLEC2D	0.0969791650253108	-0.700952934333691	0	0.372	1
LYZ	0.0969888155121255	0.566969306717959	0.8	0.524	1
CCT6A	0.0971461292909334	-0.716979297793475	0	0.372	1
TUBA1A	0.0973133200981328	-0.753385289989843	0	0.371	1
ATP5C1	0.0976483851891027	-0.716748827344042	0	0.371	1
PSMB10	0.0978162585279527	-0.700451306412557	0	0.371	1
VMA21	0.0978396853743651	0.754883739030701	0.4	0.184	1
C17orf49	0.0981264035286462	0.585737941092245	0.4	0.175	1
C1QBP	0.0983212448473091	-0.702252826803583	0	0.37	1
YWHAZ	0.0985780677334618	-0.710395495608171	0.2	0.669	1
EIF5A	0.0986590449916453	-0.701694949681819	0	0.369	1
SEM1	0.0989977589673555	-0.699653511311468	0	0.369	1
TIMP1	0.0991674614564835	-0.720188575343765	0	0.368	1
SEPT6	0.0993373924108068	-0.725910681013072	0	0.368	1
MT-ND5	0.100078057129217	-0.668946254393338	0.2	0.767	1
WASF2	0.100533358715301	-0.715640008930339	0	0.366	1
RAD21	0.10104938260792	-0.724497640493083	0	0.366	1
EIF3J	0.101579055341048	0.59860594693487	0.4	0.181	1
LCP1	0.101796186920776	-0.707590521877153	0.2	0.765	1
RPS27L	0.103309706407937	-0.711381314734295	0	0.362	1
PPP1CB	0.103485217503803	-0.732493923600764	0	0.362	1
CCDC144B	0.103643211279496	0.586149924482455	0.4	0.18	1
POLR1D	0.10366096219147	-0.699371365047056	0	0.362	1
LMNB1	0.104276073240497	0.576338053714674	0.4	0.178	1
XRCC6	0.104720394565663	-0.690318498263309	0	0.36	1
EIF3D	0.104720394820464	-0.687229890934992	0	0.36	1
PSME2	0.104897795211524	-0.688731816458967	0	0.36	1
SPCS1	0.105431420879112	-0.69364518357913	0	0.359	1
UQCR10	0.106325558781536	-0.686755697842925	0	0.358	1
HLA-DPB1	0.106930826585025	-0.721829051338707	0.2	0.638	1
SAT1	0.107225676587886	-0.737074985939373	0	0.356	1
ARL6IP1	0.107225676950998	-0.707590128664678	0	0.356	1
TARP	0.107768630427162	-0.690224409778721	0	0.356	1
STAG2	0.108131803271554	-0.679726537225976	0	0.355	1
H3F3A	0.108387470766675	-0.690299546230686	0.4	0.922	1
CKS2	0.108601065910647	0.582723434904656	0.4	0.181	1
TMSB4X	0.10927835352793	-0.515237740034528	0.6	0.974	1
TMEM219	0.109426005111676	0.577916618640062	0.4	0.182	1
FXYD5	0.109594180138128	-0.674434544468131	0	0.353	1
VSIR	0.110146583195997	-0.695922612655216	0	0.352	1
PSMC3	0.110803897723274	0.573563252137683	0.4	0.185	1
MGST1	0.110886540496655	-0.692060205216853	0	0.351	1
C20orf24	0.11107214173489	-0.678009107165285	0	0.351	1
RBM25	0.112003836805897	-0.694940392543642	0	0.35	1
ATP6V0B	0.112565811872719	-0.678869201053454	0	0.349	1
ATP5H	0.113130013300054	-0.660336253457078	0	0.348	1
HP1BP3	0.113952378026293	0.513654501507276	0.6	0.411	1
ELOB	0.114075316326994	-0.661945878678996	0	0.347	1
EVI2A	0.114265124263966	-0.695713071998117	0	0.346	1
ANP32A	0.114455181525822	-0.668009241554395	0	0.346	1
NDUFC2	0.115600783156457	-0.650741187999172	0	0.345	1
SEC61B	0.115792594812445	-0.651141967115212	0	0.344	1
MT-COX3	0.116527049690868	0.31727823336247	0.8	0.772	1
BST2	0.116755434820258	-0.649372315579831	0	0.343	1
PSMB8	0.116755435179736	-0.658824965825313	0	0.343	1
SBNO1	0.11676979003753	0.655830340413766	0.4	0.192	1
CREG1	0.117919192879652	-0.649434618182278	0	0.341	1
SEC61G	0.119395805362165	0.589678787562151	0.4	0.194	1
KTN1	0.119879169187517	-0.660553146735938	0	0.339	1
ATRX	0.119879169667052	-0.686585251997143	0	0.339	1
ADD3	0.120076575839632	-0.681241247972608	0	0.338	1
ATF7IP	0.120695015296844	0.54918675700222	0.4	0.182	1
ANAPC11	0.121266430277146	-0.653611420545586	0	0.337	1
PABPC1	0.121273539728402	-0.496206560095725	0.6	0.96	1
DDX18	0.122029448935283	0.574341204926558	0.4	0.192	1
F13A1	0.122374584628842	0.652810430710802	0.4	0.189	1
CNPY3	0.123270251675858	-0.641480094257086	0	0.334	1
RBX1	0.124485075317577	-0.633669167710885	0	0.333	1
LPCAT2	0.125312402161385	0.547817271919417	0.4	0.191	1
BIRC6	0.125458105153914	0.625991052367886	0.4	0.19	1
METTL7A	0.125504660136813	-0.665548466497646	0	0.331	1
RPL23	0.126022170126018	-0.462241978571798	0.6	0.951	1
HNRNPM	0.126943186726703	-0.632489447915328	0	0.33	1
SFPQ	0.127149753716861	-0.636193145076879	0	0.329	1
CNTRL	0.127563685811941	-0.660489200102977	0	0.329	1
EIF4A1	0.127603440166673	-0.639422491703259	0.2	0.606	1
FUS	0.127978687151192	-0.635906319514162	0	0.328	1
SYNCRIP	0.128186588236737	-0.639216807441853	0	0.328	1
NASP	0.12860319570483	-0.665390772888442	0	0.327	1
RNASEK	0.128811900399197	-0.624227118643774	0	0.327	1
BZW1	0.129439630534812	-0.630961797115333	0	0.326	1
PNN	0.130069785840051	-0.643479217803788	0	0.326	1
IFI16	0.130280378275769	-0.644188311698817	0	0.325	1
SEC11A	0.130913778504877	-0.624524270091847	0	0.325	1
SMAP2	0.131762112373636	-0.655487429910988	0	0.324	1
RTN4	0.131762112676602	-0.644562245906425	0	0.324	1
HNRNPD	0.132187913160069	-0.624614869275989	0	0.323	1
CCT4	0.132614805532709	-0.619821317569363	0	0.322	1
TUBB	0.132619296531733	0.510406803302442	0.6	0.384	1
CYCS	0.133219620197844	0.562178376077463	0.4	0.201	1
ARF6	0.133257196855312	-0.643177536426464	0	0.322	1
TGOLN2	0.133686829279781	-0.631986391773756	0	0.321	1
CLTA	0.133902058521668	-0.614433378271989	0	0.321	1
TMSB10	0.134665359097278	-0.296338074277504	0.8	0.974	1
KHDRBS1	0.135416380527518	-0.623777818133218	0	0.319	1
R3HDM2	0.135427165278593	0.52945026572531	0.4	0.191	1
SLC25A37	0.136039482734495	0.643890848617867	0.4	0.204	1
LAIR1	0.13672518025923	-0.620897126922366	0	0.317	1
AMD1	0.137163674062701	-0.624991905491401	0	0.317	1
MYCBP2	0.137383340440357	-0.640283701850083	0	0.317	1
COTL1	0.137383340753079	-0.647565831679952	0	0.317	1
UBA52	0.137499135402628	-0.607082682251681	0.4	0.871	1
YY1	0.138044019191883	-0.621416317800935	0	0.316	1
ATP5I	0.138707223468267	-0.599950981541667	0	0.315	1
PLIN3	0.138820449615964	0.561984157133043	0.4	0.204	1
C4orf3	0.138928854490259	-0.612204517153356	0	0.315	1
OSBPL8	0.140041240987997	-0.638071827409555	0	0.314	1
U2SURP	0.141160708114473	-0.613503267239925	0	0.312	1
MAN1A2	0.141835802148957	-0.626822931838777	0	0.311	1
RLIM	0.142739927442468	-0.583999378356199	0	0.31	1
RPL7A	0.142770910126641	-0.42187223018525	0.6	0.926	1
NCOR1	0.142966674558404	-0.618303974610328	0	0.31	1
ANAPC5	0.143193709684964	-0.604158408656159	0	0.31	1
UBBP4	0.143648639895747	-0.584791714441982	0	0.309	1
CHD4	0.143876538061891	-0.610578022201093	0	0.309	1
SH3BGRL	0.143880074375206	0.431658222791261	0.6	0.463	1
SMDT1	0.144333197083335	-0.597326074858411	0	0.309	1
TMEM14B	0.145710118346926	-0.583264402316669	0	0.307	1
TKT	0.146226635073688	-0.636397670884804	0.2	0.608	1
TMPO	0.146402496742781	-0.631705312466704	0	0.306	1
SRRM2	0.147181004986749	0.541127938445895	0.6	0.477	1
EIF3M	0.147562298542888	-0.582233367983202	0	0.305	1
COX7C	0.148671327369842	-0.597249293786488	0.2	0.7	1
TBCA	0.149198335295036	-0.576337881595332	0	0.303	1
FGL2	0.149198336327364	-0.74090699884181	0	0.303	1
LAMTOR1	0.149433233522515	-0.585085047321633	0	0.303	1
CWC15	0.149903916248926	-0.593288138842456	0	0.302	1
POLR2L	0.15013970092893	-0.576451630822036	0	0.302	1
RAB31	0.151085810449154	-0.611860441840029	0	0.301	1
NDUFB7	0.151323080253534	-0.571237508006274	0	0.301	1
ZNHIT1	0.151560649720325	-0.584329214406176	0	0.3	1
PPM1G	0.151798516704474	-0.587083055409773	0	0.3	1
PRDX6	0.152036681549625	-0.578632736319403	0	0.3	1
HOXA9	0.152275145513331	-0.597414725352371	0	0.3	1
SF3B2	0.152752972427203	-0.582899476857124	0	0.299	1
SLC25A5	0.153810017766667	0.431159942041224	0.6	0.465	1
HLA-DRB6	0.154918072204606	-0.594169872619393	0	0.297	1
PBRM1	0.155533739866395	0.636483688621975	0.4	0.213	1
DRAP1	0.155645209471538	-0.575607471428779	0	0.296	1
RPS2P32	0.155888196430507	-0.548054635309592	0	0.296	1
PAFAH1B2	0.156131485971212	-0.583521936590106	0	0.295	1
ATP5J2	0.156131486074651	-0.554297841196098	0	0.295	1
GLUL	0.156375080653913	-0.571499531181536	0	0.295	1
ENO1	0.15652740771305	0.310077161355104	0.8	0.734	1
NDUFS4	0.157394898994184	0.52171488486472	0.4	0.209	1
TMCO1	0.157471251780959	0.539574225088515	0.4	0.213	1
CCT3	0.15759762810706	-0.570159992545102	0	0.294	1
TMBIM4	0.1575976282807	-0.578056133037685	0	0.294	1
PDIA6	0.157843055250991	-0.564817693678521	0	0.294	1
HMGA1	0.158334829289383	-0.55912328798298	0	0.293	1
TAX1BP1	0.158581177044122	-0.59159756193733	0	0.293	1
NDUFB4	0.159322067383047	-0.560243547142598	0	0.292	1
PPIB	0.159817535837254	-0.550814905253079	0	0.291	1
MIR4426	0.160065733609092	-0.538707930508966	0	0.291	1
SPINK2	0.16033503762732	-0.625607341919918	0.2	0.523	1
METTL9	0.160563058171943	-0.567090321256136	0	0.291	1
ETS2	0.161061624409578	-0.604014816791624	0	0.29	1
SMG1	0.162002829852858	0.419830606142371	0.6	0.422	1
ANXA2	0.162313483511188	-0.61253999383926	0	0.289	1
RNF130	0.162816412860642	-0.573756836767009	0	0.288	1
COX7A2L	0.163068346780722	-0.553144075111776	0	0.288	1
CDC42SE2	0.163068347493762	-0.576963419706492	0	0.288	1
MEF2C	0.163320594870471	-0.601613070324944	0	0.288	1
PTEN	0.163573156182542	-0.588170925496198	0	0.288	1
SNRPD1	0.163573157361865	-0.554173186782909	0	0.288	1
FAM30A	0.164332728688873	-0.596745726022643	0	0.287	1
BMI1	0.165095135864636	-0.568168699230681	0	0.286	1
TCEA1	0.165095136296556	-0.559910349100742	0	0.286	1
NEDD8	0.165604989356486	-0.548594728335941	0	0.285	1
HMGB1	0.16582452969543	0.335854866413689	0.8	0.689	1
SON	0.165871897729759	0.468280421098483	0.6	0.468	1
HNRNPA0	0.166116110215436	-0.548118513604311	0	0.285	1
ANAPC16	0.166116110360096	-0.56395030909648	0	0.285	1
LAT2	0.166116110360096	-0.558389384181257	0	0.285	1
LSM3	0.166116110432426	-0.552193843037393	0	0.285	1
CMTM6	0.166116110757912	-0.570426342683713	0	0.285	1
NDUFB11	0.166116111372718	-0.538268470154784	0	0.285	1
GGCT	0.166368427476894	0.51998220292785	0.4	0.214	1
UQCRFS1	0.166568200892367	0.510293107720459	0.4	0.214	1
HIP1	0.16658726725084	0.576516054692638	0.4	0.218	1
FYB1	0.166885174300458	-0.577937931371471	0	0.284	1
WDR83OS	0.167142164752426	-0.54160018348023	0	0.284	1
NUFIP2	0.167142165479178	-0.568689545222607	0	0.284	1
ZFAS1	0.167355532820198	-0.523288029221395	0.4	0.764	1
GNAQ	0.168173325160924	-0.570730642537822	0	0.283	1
PTPRE	0.168950056556725	-0.583257466337402	0	0.282	1
DNAJC1	0.16895005670329	-0.552618329969095	0	0.282	1
YWHAQ	0.168950056923137	-0.546094656467181	0	0.282	1
NORAD	0.169209609863332	-0.557172748767111	0	0.282	1
RPL29	0.169339831474784	-0.578296029593751	0.4	0.85	1
ADGRE5	0.169990200093698	-0.581754594779615	0	0.281	1
PIK3R1	0.169990200793197	-0.571877275545917	0	0.281	1
RUNX1	0.170251043223862	-0.556130040614425	0	0.281	1
P4HB	0.170512208686832	-0.536031666266705	0	0.28	1
COPS9	0.171035510084686	-0.536492331812821	0	0.28	1
MRPS21	0.171297646949235	-0.535339964708018	0	0.28	1
FUBP1	0.172086007807541	-0.545362753437423	0	0.279	1
DPP7	0.17234944564241	-0.529539082115098	0	0.279	1
CCT2	0.172349445754043	-0.537437649032848	0	0.279	1
SH3GLB1	0.17287729918435	-0.55404018609577	0	0.278	1
PRKACB	0.173979850280961	0.511718671042497	0.4	0.215	1
VPS29	0.174202657559365	-0.539553991023435	0	0.277	1
CDC5L	0.174325316031083	0.599825065128178	0.4	0.224	1
TMX4	0.174468713696067	-0.546717202111157	0	0.277	1
NHP2	0.175001812911343	-0.534158870933737	0	0.276	1
FAM49B	0.175268855774846	-0.5517870672353	0	0.276	1
THOC2	0.175415276782333	0.596611682662213	0.4	0.225	1
GNAI2	0.175536229128733	-0.53745874153806	0	0.275	1
FKBP3	0.175536230072345	-0.541994309888048	0	0.275	1
SOX4	0.175536230449789	-0.558023573455327	0	0.275	1
ITGB1	0.175803934511752	-0.549035224005199	0	0.275	1
SH3KBP1	0.176071968853123	-0.538777887669695	0	0.275	1
ARF5	0.176340334066428	-0.5334926907746	0	0.275	1
BRK1	0.176340334369459	-0.533491586560926	0	0.275	1
RPL21P28	0.176609031238949	-0.508472727111637	0	0.274	1
ANKRD42	0.176878061044396	-0.509212520303462	0	0.274	1
CAST	0.177147421953801	-0.566656995775457	0	0.274	1
NAPSB	0.177957503091305	-0.618696313488206	0	0.273	1
TMA7	0.177984484920329	-0.568783343176628	0.2	0.652	1
SNX3	0.178228197321938	-0.538010568794603	0	0.273	1
VAMP8	0.178269294728682	-0.59387430247996	0.2	0.662	1
LAPTM5	0.1792209480185	-0.569991506874359	0.2	0.6	1
CTSS	0.179254538828142	-0.624715221741728	0.2	0.542	1
TAPT1-AS1	0.17950450137513	-0.584494570002269	0.2	0.612	1
UXT	0.179586684851207	-0.515101590215548	0	0.272	1
SLIRP	0.179751710730428	0.661271317981438	0.4	0.235	1
GNG5	0.181227961257571	-0.524527777541204	0	0.27	1
CALCOCO2	0.181502688397107	-0.541350248332474	0	0.27	1
TAF7	0.181502688513329	-0.541778880726839	0	0.27	1
TM9SF3	0.183057323481418	0.502001944417494	0.4	0.224	1
MYH9	0.183158175980397	-0.541960485456556	0	0.268	1
EIF4A2	0.18318371382103	-0.56036180894715	0.2	0.595	1
XRN2	0.183435282044037	-0.528357723088333	0	0.268	1
LAPTM4A	0.183435282786227	-0.524742607599767	0	0.268	1
HNRNPUL1	0.183712729102253	-0.524608984057251	0	0.268	1
AP2M1	0.183990516326844	-0.51349749693084	0	0.267	1
ZC3H11A	0.183990516718396	-0.537174438209252	0	0.267	1
SET	0.184469833878013	0.370200646983538	0.6	0.546	1
MAVS	0.184825936104421	-0.516817252817662	0	0.267	1
DDOST	0.184825936222304	-0.507964876408451	0	0.267	1
PLAC8	0.185037785302969	0.396110161053361	0.6	0.552	1
SMIM26	0.185664444166291	-0.512983106066493	0	0.266	1
C7orf73	0.185944635500731	-0.512623093432542	0	0.265	1
RAB10	0.185944635540211	-0.522583777915205	0	0.265	1
LMAN2	0.186225171095574	-0.50753629652133	0	0.265	1
C19orf53	0.186225171411791	-0.51004618329661	0	0.265	1
PRPF38B	0.186415439412026	0.486115034934972	0.4	0.217	1
PIM1	0.18650605181725	-0.546453476313814	0	0.265	1
SF3B5	0.187350769957936	-0.51299999581028	0	0.264	1
DDIT4	0.190189093052337	-0.574289035032907	0	0.262	1
SSB	0.191334221974855	-0.496606819627134	0	0.261	1
PDIA3P1	0.191334222459375	-0.492700144706561	0	0.261	1
IL10RB	0.192773563420316	-0.519769835010102	0	0.259	1
MRPS6	0.19306249301882	-0.510188302643601	0	0.259	1
NOL7	0.193062493466122	-0.511590229612107	0	0.259	1
STAB1	0.19333599631635	0.484360231620055	0.4	0.225	1
GSN	0.19393141444948	-0.506528269897904	0	0.258	1
MDH1	0.193931415265641	-0.499960009282588	0	0.258	1
GUCY1A3	0.194221766685728	-0.567528951901694	0	0.258	1
AFF1	0.194221766849153	-0.520819637840087	0	0.258	1
PPIP5K2	0.194803539655516	-0.51377435914131	0	0.257	1
TOP2B	0.195094963844383	-0.509508926210161	0	0.257	1
PAK1	0.195678881854783	-0.536067951570238	0	0.257	1
HSPE1	0.195971379181066	-0.505063949673204	0	0.256	1
PSMC1	0.196264235196159	-0.498452910632608	0	0.256	1
NSD1	0.196557451558302	-0.517327557411615	0	0.256	1
CLNS1A	0.197144962688506	-0.488346080981777	0	0.255	1
RNF213	0.197439258963598	-0.537051122506523	0	0.255	1
DHRS7	0.198028935475063	-0.504793305284644	0	0.254	1
C9orf78	0.198028936055897	-0.507317636903975	0	0.254	1
GPCPD1	0.19802893622185	-0.532813814255232	0	0.254	1
UBXN1	0.198620060283503	-0.506812005123532	0	0.254	1
GOLGB1	0.198916166475643	-0.526792000466792	0	0.254	1
RPL8	0.199048636349736	-0.383019164005771	0.6	0.887	1
CHP1	0.199509469876941	-0.51143261950601	0	0.253	1
AKAP13	0.199509470169077	-0.516868683276491	0	0.253	1
UFC1	0.199509470628148	-0.48544249661941	0	0.253	1
UHMK1	0.199806668661171	-0.52089901105271	0	0.253	1
SNX6	0.20010422976402	-0.503636033971918	0	0.253	1
MIER1	0.200402157506283	-0.501995326147052	0	0.252	1
POMP	0.200700450106102	-0.487518033064369	0	0.252	1
LYPLA1	0.200700450273827	-0.49701700451013	0	0.252	1
GNPTAB	0.20070045073507	-0.503576748705592	0	0.252	1
NDUFB8	0.201597524589272	-0.488205961137105	0	0.251	1
SNX2	0.201597525052152	-0.505230992210577	0	0.251	1
TMEM173	0.201597525725431	-0.493306886344407	0	0.251	1
PPP1CA	0.202497904431665	-0.497443730725827	0	0.251	1
RAB7A	0.202497904853958	-0.49931190636788	0	0.251	1
ATP5G1	0.202798768483632	-0.48067600002824	0	0.25	1
CIB1	0.203099999672711	-0.49268588595575	0	0.25	1
G3BP1	0.203401601825989	-0.48317462946901	0	0.25	1
PRRC2C	0.203568224581508	0.456476354411846	0.6	0.518	1
H2AFY	0.204290630238672	-0.54492921683666	0.2	0.623	1
AP2S1	0.207760354903417	0.493667222055153	0.4	0.24	1
RPS16	0.209441606522624	-0.272632212217208	0.8	0.971	1
SLC38A2	0.212287490927353	0.458561969159456	0.4	0.23	1
S100A4	0.216954727131679	-0.484894566887939	0.4	0.754	1
PARVG	0.21952435647918	0.47795017492802	0.4	0.246	1
EIF1AX	0.220388177467829	0.554810931119279	0.4	0.25	1
RPS4X	0.222768137008212	-0.256959569554733	0.8	0.947	1
UGP2	0.223465633624869	0.459384540105016	0.4	0.238	1
SNRPC	0.22400142362577	0.472759450600161	0.4	0.251	1
RNASEH2B	0.224126078586694	0.456605426402049	0.4	0.242	1
GTF3A	0.226219164915609	-0.504373086859629	0.2	0.531	1
COX6A1	0.226322356050867	-0.519967931767337	0.2	0.577	1
RBM8A	0.227143803305446	0.454156035026423	0.4	0.243	1
UQCRB	0.228598350537192	-0.504156022084857	0.2	0.57	1
MYL6	0.229342780878306	-0.339214820280115	0.6	0.828	1
LARP4B	0.230414986853215	0.464342645149319	0.4	0.246	1
GLS	0.230812800386003	0.44786852301796	0.4	0.238	1
TXNIP	0.233030770112522	-0.487968523568208	0.4	0.787	1
SNRPF	0.235113317317116	0.453049896890789	0.4	0.252	1
CBX5	0.237185770147536	0.519397421690792	0.4	0.248	1
SCAF11	0.237247157423791	0.334777764894075	0.6	0.466	1
EIF2S2	0.238587347420457	0.542167749782148	0.4	0.261	1
SF3B1	0.242089791329883	0.351183666412924	0.6	0.544	1
HADHA	0.242154354186195	-0.484024640494405	0.2	0.529	1
RPS5	0.242162384324889	-0.399525226231887	0.6	0.922	1
MCL1	0.242541663938873	0.581646158719809	0.4	0.269	1
PTPN6	0.243215182030544	0.454427608662158	0.4	0.257	1
AK2	0.243615489836415	0.440957743456684	0.4	0.253	1
LBR	0.243678328395366	0.439217266551763	0.4	0.246	1
RPL27	0.24507080105656	-0.255934841899736	0.8	0.985	1
COX7A2	0.248353640721036	-0.474800281696035	0.2	0.53	1
LOC107984974	0.248580599686919	-0.493747307122457	0.2	0.562	1
RSL1D1	0.248786725477168	-0.476445178560965	0.2	0.514	1
H3F3AP4	0.248883461282861	-0.453229547899007	0.2	0.597	1
MATR3	0.249035385310952	-0.487772463519205	0.2	0.545	1
PSME1	0.250147304180818	-0.451673929277093	0.2	0.598	1
FAM46A	0.251084540871394	0.509942948426349	0.4	0.261	1
RNA5-8S	0.251867299856528	-0.484544564897762	0.2	0.502	1
SELENOH	0.252983589450652	0.317464435177506	0.6	0.614	1
WSB1	0.25310147932576	0.429387901941141	0.4	0.248	1
ACTG1	0.25512280240381	-0.369282127978194	0.6	0.872	1
ZRANB2	0.258297378466177	0.517457772362005	0.4	0.266	1
NDUFB10	0.258516998161855	0.499932251821574	0.4	0.27	1
PEBP1	0.261593714382583	-0.481283663376285	0.2	0.542	1
TIMM13	0.264349816986067	0.429612622421823	0.4	0.272	1
AHNAK	0.265570827333484	-0.483645161616329	0.2	0.508	1
IFNAR2	0.266419879359253	0.421929320246192	0.4	0.258	1
PSMA6	0.266693687386284	-0.464700987916474	0.2	0.511	1
NOP53	0.270149527201437	-0.461367513175711	0.2	0.533	1
SRSF5	0.272737520698881	-0.438033591497103	0.4	0.731	1
HNRNPU	0.273474182879876	-0.464246158647666	0.2	0.532	1
MORF4L1	0.273941509160429	-0.419827135398508	0.2	0.58	1
CDK6	0.275440167512205	0.36932552586016	0.6	0.481	1
TOMM7	0.280441070943661	-0.443674897877414	0.2	0.538	1
SERF2	0.280597623529775	-0.315340666133054	0.6	0.82	1
VCP	0.281025879479566	0.49213105742448	0.4	0.273	1
TPM4	0.281978633702772	-0.4518306956041	0.2	0.517	1
CCND3	0.282953482804197	0.413515574263672	0.4	0.263	1
KLF6	0.289034339714859	-0.468699701960448	0.2	0.489	1
TSPO	0.289436036447753	-0.447227103295233	0.2	0.521	1
SLC25A6	0.28946803374583	-0.440673926954058	0.4	0.734	1
UBL5	0.291445889303103	-0.439305970791957	0.2	0.536	1
FAM96B	0.29170552283094	0.417466106806434	0.4	0.279	1
PRSS57	0.292568698426067	0.39058005375019	0.4	0.262	1
EIF3L	0.293307817119063	-0.439552177874249	0.2	0.526	1
SKAP2	0.293670088502477	0.394868265507402	0.4	0.263	1
SRP14	0.296149570078889	-0.431259261552306	0.2	0.53	1
SMC4	0.297464385856663	0.465395807796269	0.4	0.284	1
NSA2	0.301640729983278	0.487812779977318	0.4	0.291	1
HINT1	0.303562865745058	-0.316694635196153	0.6	0.829	1
HLA-C	0.305003002643115	-0.421451775225858	0.4	0.724	1
YWHAE	0.305440052458097	-0.430957164570669	0.2	0.511	1
PPIA	0.305725325855279	-0.505992974426558	0.4	0.827	1
ITGB2	0.307318243625138	-0.425555284829993	0.2	0.507	1
PTPRC	0.312475102117935	-0.410782081383875	0.4	0.701	1
GDI2	0.317121836789184	-0.404984389821738	0.2	0.51	1
MRPL57	0.318144081822401	0.448177916504421	0.4	0.3	1
TMEM123	0.318558394069309	-0.408715804893107	0.2	0.499	1
CAPRIN1	0.318993998092942	0.39062470895792	0.4	0.281	1
C12orf57	0.321552762871511	0.378684026715682	0.4	0.282	1
ATP5G3	0.323830798608728	-0.400340424015279	0.2	0.484	1
RPL28	0.326467448328029	-0.289773668697846	0.6	0.806	1
KMT2E	0.326762997895995	0.437548989217153	0.4	0.294	1
HIST1H4C	0.328931679642783	0.289738440849181	0.6	0.489	1
TYROBP	0.329224253874291	-0.289597456262666	0.6	0.793	1
HMGB2	0.332768459309843	-0.433435822868838	0.2	0.462	1
SUPT16H	0.334506282817082	0.376366232054381	0.4	0.293	1
PSMA7	0.344124855687368	-0.329309480420489	0.2	0.533	1
LUC7L3	0.345871810642078	-0.390614143145662	0.2	0.483	1
NDUFA13	0.346107596710126	-0.325523537941069	0.2	0.535	1
LDHA	0.34782194921788	-0.371009258254133	0.2	0.467	1
PNRC2	0.347865442140043	0.358799140846453	0.4	0.29	1
ANP32B	0.349054981971549	-0.389223400658303	0.2	0.498	1
CLINT1	0.350974988239587	0.356645839447744	0.4	0.291	1
LRRFIP1	0.35117385762042	-0.350085699022298	0.2	0.513	1
SSBP1	0.353648784915606	0.355767743052641	0.4	0.294	1
ENY2	0.357114968963184	0.357480817947258	0.4	0.298	1
GNAS	0.357490929718851	-0.370650129815898	0.2	0.487	1
EIF4B	0.357760470373212	-0.375716497441829	0.4	0.682	1
DDX3X	0.358514598821678	0.345573532022196	0.4	0.294	1
TOMM6	0.360098086467058	0.349685375159554	0.4	0.305	1
HSPA5	0.360639929089753	-0.379661405216477	0.2	0.472	1
PLEK	0.363123916897542	-0.36848698337734	0.2	0.476	1
ITSN2	0.363872120303022	0.349781076292965	0.4	0.29	1
COX6B1	0.376362828327022	-0.353202678142578	0.2	0.485	1
SNHG6	0.377788463965194	-0.293334759452902	0.2	0.513	1
RSL24D1	0.387793583277503	-0.340503636932822	0.2	0.476	1
TTC3	0.387895881673965	0.484608039229323	0.4	0.327	1
N4BP2L2	0.396251651055269	0.393836550897055	0.4	0.33	1
JAML	0.397293727691941	-0.356504980690636	0.2	0.432	1
NONO	0.398094302096178	-0.340262596958531	0.2	0.472	1
CXCL14	0.400764877766903	0.324552636194157	0.4	0.325	1
UBE2D3	0.40265986671099	-0.318306190356844	0.2	0.463	1
ACTB	0.403716174138136	-0.379485772877393	0.6	0.955	1
ATP5A1	0.40411580502279	-0.325648703981325	0.2	0.452	1
ANKRD28	0.404145211275719	0.38097407418026	0.4	0.321	1
PAK2	0.40417837726867	0.432152868383297	0.4	0.352	1
RPS13	0.407065054361951	-0.277275168922604	0.8	0.988	1
PRR13	0.409625999731995	0.434900874132694	0.4	0.357	1
RCSD1	0.410997908116513	0.312437067357178	0.4	0.312	1
CACYBP	0.413709693976241	0.379227498160582	0.4	0.329	1
HNRNPA3	0.415906679219946	-0.329833645794426	0.2	0.461	1
SPTLC2	0.416300103565767	0.357568645629504	0.4	0.335	1
GPX4	0.422776673747797	-0.307075426222595	0.2	0.463	1
IRF2BP2	0.423092885602012	-0.310043139818548	0.2	0.425	1
COX8A	0.423503993554752	-0.31480845375823	0.2	0.458	1
HIST1H1D	0.424427662878748	0.348245784124947	0.4	0.308	1
SLC25A3	0.425705588135991	-0.264046436230563	0.2	0.48	1
SNRPB	0.436364653289259	0.286528631904718	0.4	0.331	1
VAPA	0.437083435980162	0.295685064834577	0.4	0.321	1
NDUFS5	0.437292106454729	0.300048316542049	0.4	0.347	1
RPS4Y1	0.438399261065517	-0.290837020858559	0.2	0.448	1
SRP9	0.440466547979033	0.294289367418097	0.4	0.343	1
MYADM	0.44138483783461	0.327159761025268	0.4	0.332	1
TPM3	0.443997555573677	-0.27858839531659	0.6	0.826	1
RPL39	0.450563507947129	-0.268967027824975	0.8	0.986	1
DNAJC8	0.450692464053981	0.28435481343151	0.4	0.349	1
USMG5	0.453563752271291	-0.283851416570828	0.2	0.424	1
ATP5J	0.453654441247446	-0.28630974734138	0.2	0.439	1
PYCARD	0.457902503847095	-0.280788715237897	0.2	0.444	1
SOD1	0.458325846224376	-0.282765399848574	0.2	0.437	1
CD36	0.458532808308545	-0.312674238077509	0.4	0.582	1
ERP29	0.459606504623705	-0.279623145868046	0.2	0.442	1
NCOA4	0.460456338780059	-0.282771786745717	0.2	0.428	1
ROCK1	0.460976226353539	0.285437915714623	0.4	0.333	1
ATP6V1G1	0.461785044919611	0.281719715637545	0.4	0.35	1
RPLP0P2	0.465601837747034	-0.312183820970954	0.4	0.65	1
PSMA2	0.466596541161074	0.399804570111866	0.4	0.387	1
H3F3B	0.474358046120336	-0.377234665812172	0.4	0.861	1
CAT	0.474504942208686	-0.271706909691567	0.2	0.403	1
ITGA4	0.477386188031851	-0.275036859161298	0.2	0.415	1
PFN1	0.481194878037951	-0.349056242601052	0.4	0.743	1
CD47	0.482604449616981	-0.259593124023666	0.2	0.425	1
LDHB	0.483236240556274	-0.269241519594643	0.2	0.427	1
SNRPG	0.486806864913034	0.259648602792376	0.4	0.364	1
LY86	0.490703910117884	0.255590823309883	0.4	0.355	1
ATP5O	0.496941136345055	-0.251617908060733	0.2	0.425	1
H2AFZ	0.504374818911571	-0.271310352055715	0.2	0.391	1
CELF2	0.510806493135035	0.309496760211861	0.4	0.358	1
UQCRQ	0.51797701961737	0.32972429381187	0.4	0.412	1
RPL22L1	0.518699398180155	0.299939794707481	0.4	0.367	1
ANXA1	0.527531533533596	-0.274122629975978	0.4	0.687	1
ARPC5	0.534292105232126	-0.272074049363017	0.4	0.624	1
STMN1	0.536011351208574	-0.251664771069573	0.2	0.362	1
SMARCA5	0.547098416228005	0.265575560015513	0.4	0.391	1
CST3	0.578869461844149	-0.26860092176459	0.4	0.663	1
RPS18P9	0.610072720068078	-0.291032658009274	0.4	0.689	1
PFDN5	0.645107292802816	-0.261951856288665	0.6	0.862	1
RPS21	0.662993480900892	-0.38455884380507	0.6	0.965	1
FTL	0.669125295182276	-0.255067040328432	0.6	0.866	1
GRN	0.685696685370673	0.274695479009912	0.4	0.431	1
