Genes	p_val	avg_log2FC	pct.1	pct.2	p_val_adj
JCHAIN	2.98485783759974e-29	1.60121309315182	0.933	0.096	8.32745488111952e-25
ABHD4	1.5528290887434e-12	0.604467510659229	0.267	0.018	4.33223787468522e-08
RASD1	9.53048673707055e-11	0.622907499379902	0.267	0.022	2.65891049477531e-06
SDK2	5.21734732940748e-09	0.533181223591285	0.267	0.026	0.000145558773143139
SOX4	1.11176072188984e-07	1.01932636850528	0.733	0.273	0.00310170123800047
ANXA1	2.79544447050279e-06	-1.37554212639072	0	0.689	0.0779901052825574
LIME1	4.10256767248433e-06	0.748757398611685	0.467	0.112	0.11445753549464
ZFAND2B	8.37245635532134e-06	0.605063930648048	0.333	0.063	0.23358315985711
RUNX2	9.8554631041626e-06	0.795766885704994	0.533	0.159	0.274957565143032
RAB4B	1.1787588170993e-05	0.649676773928979	0.333	0.067	0.328861922382534
CLNK	1.86858870669398e-05	0.658307653456425	0.333	0.066	0.521317563280553
CFD	2.1077673503893e-05	-1.35514226236674	0	0.617	0.588046013085111
UBE2E3	2.65060643664266e-05	0.69311658793438	0.4	0.098	0.739492689758936
CCSAP	5.38595852951075e-05	0.559147832747038	0.267	0.048	1
CD52	6.83677483162499e-05	-0.808366778467595	0.4	0.804	1
CANT1	0.000123789002199882	0.515471811439733	0.267	0.053	1
CDK9	0.00039301921049776	0.506216204322976	0.267	0.059	1
N4BP2	0.000411371476919717	0.585451929345763	0.333	0.091	1
RPL27	0.000475314023028775	-0.284456062323763	0.867	0.986	1
UBE2C	0.000485188496703113	0.562296113262183	0.267	0.061	1
HMMR	0.00050144618792187	0.551339094008865	0.267	0.061	1
YBX1	0.000593692644469429	-0.622235462597178	0.467	0.84	1
RPL29	0.000598237428918788	-0.544297409788328	0.533	0.85	1
SERPINB1	0.000647256204604408	-0.957813461214705	0.067	0.529	1
GPX1	0.000673639707564303	-0.638433123216767	0.467	0.845	1
TKT	0.00082486911302254	-0.853500721855535	0.133	0.609	1
SYF2	0.000979422926315849	0.580038874030866	0.533	0.225	1
HP1BP3	0.00102899824957669	0.620848929756542	0.667	0.41	1
RPLP0P2	0.00103617558479365	-0.764748133618395	0.2	0.652	1
SRGN	0.00110348397887248	-0.567275678859628	0.6	0.865	1
CKS1B	0.00117983532002652	0.60866926789263	0.4	0.14	1
BLNK	0.00118611356948027	0.547792379861594	0.267	0.069	1
CENPE	0.00151366698509639	0.50083089012146	0.267	0.068	1
BTF3	0.00163231573786279	-0.569537959484328	0.467	0.814	1
CST3	0.0017480496095425	-0.769725437763482	0.2	0.665	1
CD302	0.00177713121132639	-0.804277974803471	0	0.418	1
TOP2A	0.00182942587264515	0.782218547899725	0.4	0.149	1
HSP90AB1	0.0018541758283238	-0.696218990744776	0.333	0.754	1
AIF1	0.00186628673207243	-0.706829327203492	0.267	0.688	1
CRIP1	0.00194020728562945	-0.88026912259152	0.067	0.506	1
CSTA	0.00198874672661194	-0.82956683038274	0	0.412	1
ACY3	0.00206796293916198	0.549309409140654	0.333	0.104	1
HIST1H2AM	0.0021294405150842	0.623660952438774	0.4	0.153	1
MAPKAPK2	0.00215723821467216	0.560876535590819	0.333	0.108	1
PRPF31	0.00239691474844658	0.471837565592887	0.267	0.073	1
RACK1	0.00263873764899644	-0.333319364495748	0.733	0.935	1
TAGLN2	0.00266585050187315	-0.72655323020141	0.2	0.648	1
SEC22C	0.00280721507840251	0.482298062252655	0.267	0.075	1
XRCC5	0.00292899834285457	-0.757007758456487	0	0.39	1
HIST1H1D	0.00321545518758854	0.564728296002723	0.6	0.307	1
C1orf35	0.00392754802014235	0.440856079968476	0.267	0.077	1
ZNF451	0.00397070559254472	0.479743812717206	0.4	0.152	1
MS4A1	0.0041070915140629	0.426144294471678	0.267	0.071	1
PECAM1	0.00432709057583803	0.634607555275478	0.467	0.221	1
TACC3	0.00444758508695765	0.600879248508802	0.4	0.174	1
MGST1	0.00568913319475673	-0.693506849551602	0	0.352	1
EXOC5	0.00578717198126827	0.470883674492807	0.333	0.119	1
NCOA4	0.00643543296307179	-0.684340024677813	0.067	0.429	1
TOMM20	0.00721574261226701	-0.655442821570645	0.067	0.424	1
LYZ	0.00726781418438602	-0.867061319855225	0.133	0.526	1
APOBEC3G	0.00754215412690867	0.433934424650435	0.267	0.085	1
RBM4	0.00758621932887147	0.510562296911123	0.4	0.172	1
JAML	0.0079229699183256	-0.71558561428142	0.067	0.433	1
ATP5J	0.00833827627894441	-0.647840294089374	0.067	0.44	1
EIF2B1	0.00869765814824675	0.439864170623598	0.267	0.087	1
PNRC1	0.00904179489182244	0.467287008305091	0.6	0.37	1
HSBP1	0.00909427681404909	-0.619342552655335	0	0.323	1
SGPL1	0.00918348992211827	0.430958793595028	0.267	0.087	1
MEF2C	0.00940194671724129	0.505719983748448	0.533	0.286	1
ARPC4	0.0104531389031416	0.552246263742424	0.467	0.252	1
RCSD1	0.0107007703599881	-0.616850424783771	0	0.313	1
ACTB	0.010741943076346	-0.431949655586961	0.667	0.956	1
MBNL3	0.0107460741804396	0.510320207494387	0.267	0.093	1
PALLD	0.0107743785270928	0.432148518646028	0.333	0.123	1
LSM8	0.0109126038136359	0.479033289416671	0.333	0.133	1
DCK	0.0111278822577035	0.513712182595373	0.333	0.138	1
MNDA	0.0111978615475007	-0.756976706410686	0	0.31	1
CYBA	0.0112217138317803	-0.604316540408996	0.2	0.613	1
DAZAP2	0.0112904416549967	-0.600262543688143	0	0.31	1
CANX	0.0115796351265408	-0.607456871289305	0.2	0.593	1
GPR183	0.0116501181345922	0.504016235081332	0.4	0.179	1
BRD2	0.0116676897033611	-0.602436674173284	0	0.308	1
WSB1	0.011988301687911	0.529598918645278	0.467	0.247	1
CENPF	0.0121531487203322	0.575525696137639	0.333	0.138	1
POLR2L	0.0125582829524101	-0.577702293584792	0	0.303	1
MSN	0.0126846955223585	-0.603842289111085	0.067	0.419	1
ARF1	0.012715969001002	-0.596461055347613	0.067	0.413	1
SUZ12P1	0.0128354137283981	0.494419505515192	0.267	0.095	1
ZNHIT1	0.0128684589958368	-0.585593736590323	0	0.301	1
LSM7	0.0137175986717723	-0.586047742101573	0.067	0.417	1
HIST1H1B	0.0137978297966432	0.603440176107559	0.333	0.141	1
UPF3A	0.0138468907028584	0.520721212234597	0.333	0.143	1
ATP5J2	0.0138966820935862	-0.55550911885268	0	0.296	1
C16orf87	0.0143182428928723	0.469635061063225	0.267	0.096	1
ENSA	0.0144852502318218	0.467075187790079	0.467	0.25	1
CLINT1	0.0147009815997054	-0.572599302215278	0	0.293	1
BORCS7	0.0147748833115402	0.400358849182835	0.267	0.094	1
HCST	0.015227705160176	-0.580170016157435	0.133	0.466	1
ANXA2	0.0153620422528215	-0.613853531388427	0	0.29	1
ANKIB1	0.0154992391980243	0.459154753009876	0.267	0.097	1
DIP2A	0.0161673126290348	0.519596442126043	0.267	0.102	1
NACA	0.0162178143924081	-0.472513432823973	0.467	0.817	1
ACADVL	0.0166234549600937	0.506396667691952	0.467	0.274	1
CHD2	0.0167131668687679	0.497843951475761	0.4	0.201	1
GALNT2	0.016748499349149	0.408273816835276	0.267	0.097	1
HLA-A	0.0167595546257279	-0.48288373027278	0.467	0.814	1
MDFIC	0.0167897507058938	0.469108931564421	0.333	0.139	1
SECISBP2L	0.0168452666940266	0.414562224476428	0.267	0.096	1
EIF4A1	0.0171075764975512	-0.59243934023124	0.2	0.607	1
TPX2	0.0173964467689365	0.456186599243554	0.267	0.1	1
RPS14P3	0.0173987084346351	-0.465589339718708	0.467	0.792	1
TNFSF13B	0.0174399351398697	-0.558793117284942	0	0.281	1
NOP58	0.017647138341197	-0.546405187072515	0	0.28	1
FTL	0.017767430000881	-0.473371620877524	0.533	0.867	1
GTF2H5	0.0177937843454749	0.526369261300221	0.333	0.156	1
LSM12	0.0180682011770678	-0.541803712858123	0	0.279	1
NDUFV2	0.0185708495449906	-0.536127972778419	0	0.277	1
FAM49B	0.0187167555145142	-0.552993842882565	0	0.276	1
ITGB1	0.0188636923613924	-0.550237056363503	0	0.276	1
SLC25A6	0.0194659933566407	-0.430383254001659	0.467	0.734	1
MCL1	0.0203911819131005	-0.556227285355396	0	0.271	1
NPTX2	0.020668165454768	0.443882166237628	0.267	0.099	1
YWHAB	0.020691862578825	-0.529512909616509	0.267	0.639	1
SCP2	0.0212779247039226	-0.523526077261605	0	0.268	1
C1QBP	0.0213420053435085	-0.535314518160579	0.067	0.37	1
DDOST	0.0214428289056041	-0.509091798179334	0	0.267	1
CD164	0.0215139219245878	0.516901371554927	0.467	0.302	1
SOD1	0.0215144437382612	-0.542487600974297	0.133	0.438	1
SRSF5	0.0215918930832087	0.294641589310219	0.867	0.73	1
STARD7	0.022023290962795	0.498990704523795	0.467	0.284	1
EPRS	0.0220290920175093	-0.517591370826141	0	0.265	1
KMT2C	0.0226297443812474	-0.540358324410621	0	0.264	1
PSME2	0.0227121906963049	-0.531664725898541	0.067	0.36	1
LAMTOR4	0.0227346114543468	-0.525685086688852	0.067	0.366	1
DDIT4	0.0228483441518905	0.481997805271951	0.467	0.26	1
S100A6	0.023025819075324	-0.522257894064635	0.333	0.669	1
NPC2	0.0232913257905842	-0.529420471102986	0.067	0.374	1
USP22	0.0236938221905481	-0.517156865491722	0	0.26	1
CITED2	0.0236938224962164	-0.531245528331827	0	0.26	1
GNAS	0.024128599495186	0.378325417367326	0.6	0.486	1
ZFAND5	0.0241503284685839	-0.519819914408703	0	0.259	1
WASF2	0.0241528532830026	-0.533884092487472	0.067	0.367	1
HSPE1	0.0248972333858561	-0.506185499055559	0	0.257	1
MYDGF	0.0248972334124747	-0.485465286457426	0	0.257	1
LOC100190986	0.0249669883758243	0.466201859529423	0.333	0.156	1
CLNS1A	0.0252784327731823	-0.489436457813243	0	0.256	1
TCF4	0.0254385619016125	0.515249003082011	0.333	0.154	1
C20orf24	0.0255194131810292	-0.520921396351924	0.067	0.352	1
TMOD3	0.0255294630946837	0.466892663339353	0.4	0.206	1
GOLGB1	0.0258600948201029	-0.527953527427087	0	0.254	1
BNIP2	0.0259582026079847	-0.502451320793652	0	0.254	1
TRMT112	0.0260845620201137	-0.521313078092939	0.067	0.351	1
HSPD1	0.026237219769425	-0.533214351005311	0.2	0.495	1
PTPN2	0.0264728206585051	0.513508166602179	0.4	0.226	1
KIAA2026	0.0266335107053012	0.381669959580197	0.267	0.103	1
SNX2	0.026755216746385	-0.506352851242094	0	0.252	1
CTSD	0.0270514105034155	-0.51651681805469	0.067	0.36	1
RAB7A	0.0270597365787113	-0.500422771160947	0	0.251	1
ZMYND8	0.0273850968037547	0.394701653827222	0.267	0.105	1
TATDN1	0.0279445783950603	0.389887138399531	0.267	0.106	1
LAMP2	0.030106462322971	-0.503845092660874	0.067	0.339	1
MFF	0.0306074493081916	0.449580719212336	0.333	0.162	1
BRK1	0.0306734385242557	0.416170476169952	0.467	0.274	1
FCER1G	0.0311942583760736	-0.557179830989834	0.067	0.328	1
KRR1	0.03262167834392	0.437055569469873	0.267	0.111	1
CNPY3	0.0329294310359399	-0.490114018906702	0.067	0.335	1
RPS21	0.0334917865804547	-0.251069466277261	0.8	0.965	1
MLEC	0.0349259290978382	-0.49240540649472	0.067	0.348	1
RBX1	0.0349508240886144	-0.477781818085216	0.067	0.333	1
TALDO1	0.0355638296406871	-0.490277884498963	0.133	0.429	1
NONO	0.0360288352350019	0.404963760148762	0.6	0.471	1
GAPDH	0.0361979207109805	-0.410501561791881	0.533	0.835	1
VIM	0.0362971959914613	-0.347162332887811	0.667	0.889	1
CPVL	0.0363639686936245	-0.557888862633466	0.067	0.32	1
KMT2A	0.0364263966356844	0.392150198037722	0.6	0.422	1
NFKBIA	0.0365999667653989	-0.501770520089279	0.067	0.331	1
HEXIM1	0.0370182206771548	0.405735426825337	0.4	0.212	1
SRP72	0.0370625614381284	-0.484778434313671	0.067	0.334	1
BZW1	0.0374177205399016	-0.475622051451052	0.067	0.327	1
DHTKD1	0.0375550863347581	0.418792227137382	0.267	0.117	1
LY86	0.037557343704173	-0.408429995974481	0.067	0.356	1
RDX	0.0376187435631206	0.465369156758466	0.267	0.117	1
RPL38	0.037724525411601	-0.345595419904297	0.667	0.917	1
SLU7	0.0379147229551899	0.398813698718646	0.333	0.16	1
CREG1	0.0389102522966148	-0.458254211259523	0.067	0.342	1
SERBP1	0.0398098991094132	-0.477121524886911	0.267	0.577	1
CCT8	0.0400099710127257	-0.453763425048395	0.067	0.34	1
COTL1	0.0400292903679187	-0.49621171085266	0.067	0.317	1
TSPAN32	0.0411437372016325	0.331554842071652	0.267	0.111	1
TYROBP	0.0414591661727045	-0.483714657267167	0.4	0.795	1
N4BP2L2	0.0421674089203603	-0.464571479525811	0.067	0.331	1
ACAP2	0.0431163775639658	-0.449089176432301	0.067	0.343	1
COX5B	0.0440568761081838	-0.454848355772618	0.2	0.483	1
TMPO	0.0444807636943669	0.436655346169855	0.467	0.305	1
RNF5	0.0452247785438062	0.426451951351605	0.267	0.12	1
UBE2L3	0.0455234260622265	-0.45444843702646	0.067	0.319	1
GRN	0.0455425668419025	-0.47070713558371	0.133	0.432	1
GNB1	0.0455947914438846	0.392250060210843	0.4	0.225	1
LMNB1	0.0461711426677514	0.455434733183501	0.333	0.177	1
TPM4	0.0463620526340396	-0.4807562261846	0.2	0.518	1
HSH2D	0.0476249191135693	-0.45040540857459	0.067	0.311	1
DNAJA1	0.0477216558479326	-0.458129985047519	0.133	0.408	1
UBBP4	0.0495005268672023	-0.428805525874452	0.067	0.31	1
SYNCRIP	0.0496087069249233	-0.432372188204737	0.067	0.329	1
NME2	0.0499181675679478	-0.46108008259342	0.2	0.493	1
RPL8	0.0501532757026276	-0.303370403497827	0.667	0.888	1
FGL2	0.0518714442153436	-0.54135068424311	0.067	0.304	1
CFL1	0.0541341393418425	0.276177269550309	0.867	0.688	1
HSD17B11	0.0546860791320065	0.379579991365231	0.533	0.399	1
CEP350	0.0547858134552549	0.393004316865059	0.4	0.232	1
SF3B2	0.0550129645025152	-0.431415707249405	0.067	0.3	1
CYSLTR1	0.0554363233749408	0.427043418862241	0.267	0.124	1
S100A4	0.055588684743247	-0.358061595212234	0.533	0.755	1
ACTR3	0.0556916780393115	-0.433588103140442	0.133	0.427	1
CLEC12A	0.056996885424017	-0.415777162767293	0.067	0.319	1
ARL6IP1	0.0571944898623229	0.465548561779042	0.467	0.355	1
PCLAF	0.0573254757398473	0.433199982875601	0.4	0.228	1
NEAT1	0.0573599416177369	-0.459517227277714	0.267	0.533	1
NDUFA1	0.0574016845739779	-0.421219063088831	0.133	0.43	1
CPSF3	0.0576726645372624	0.380978986879271	0.267	0.126	1
DDX3X	0.0585002391013372	0.361328545785262	0.467	0.294	1
CCNI	0.0586948210311694	-0.431607661550216	0.2	0.504	1
JAK2	0.0588465967757965	0.394107415375602	0.267	0.127	1
SEMA4D	0.0590301244473336	0.37822561044051	0.267	0.124	1
STK4	0.0597107256963922	-0.428163200777674	0.067	0.298	1
MED13L	0.0602895100829514	0.502412167286446	0.333	0.194	1
SMARCC1	0.0621074394473968	-0.407524265805662	0.067	0.309	1
COX5A	0.0627094321328942	-0.422773031804224	0.133	0.425	1
SF1	0.0627677196038755	0.397358175656935	0.333	0.185	1
CCDC50	0.0631612003907903	0.373595721318678	0.267	0.125	1
APEX1	0.0634722025717812	-0.431005206183042	0.2	0.468	1
C11orf58	0.0636546837070265	-0.418908182958325	0.2	0.496	1
TTC3	0.0637890961420556	0.384311584614914	0.467	0.327	1
PPM1G	0.0642569502977857	-0.405068045082701	0.067	0.301	1
SUPT16H	0.0643422761893597	-0.414626693692311	0.067	0.294	1
STMN1	0.0647432851379637	0.515968373315162	0.467	0.361	1
EEA1	0.0647530020796991	0.422662347782391	0.267	0.13	1
PKM	0.0651748755148164	-0.417238092286044	0.133	0.414	1
TBCA	0.0657490404124471	-0.385004816435596	0.067	0.304	1
IQGAP1	0.0658780172754616	0.313942519356715	0.667	0.525	1
FBL	0.0670364447945909	-0.373452636863067	0.067	0.308	1
NDUFB7	0.0671150472001324	-0.383362360441331	0.067	0.301	1
NACA2	0.0671660270018453	-0.399281929366411	0.133	0.408	1
SUB1	0.0672207083334006	-0.419081197523428	0.2	0.482	1
POGZ	0.0675136972110095	0.381210184162442	0.267	0.129	1
ITGB2	0.0680181729277314	-0.435744066847713	0.2	0.508	1
PLEK	0.0684797534980837	0.314444132055991	0.6	0.476	1
LAMTOR1	0.0685188679124396	-0.3852116803088	0.067	0.303	1
APOBEC3C	0.0688951689299011	0.334559268467568	0.267	0.127	1
MSI2	0.0693173067491864	0.319099377824306	0.267	0.123	1
HLA-DRB6	0.0694298563126459	-0.401187418733042	0.067	0.297	1
RTN3	0.0695465218447344	-0.403721089912348	0.133	0.387	1
WDR83OS	0.0709992605106208	-0.386076908803608	0.067	0.284	1
SVIP	0.0717302386177922	0.355763119319367	0.333	0.179	1
MARK3	0.072535067116855	0.395957775279674	0.267	0.131	1
FOS	0.0746551148169441	-0.437219702820252	0.2	0.509	1
GMFG	0.0747958601007332	-0.416907928046727	0.267	0.581	1
TUFM	0.0752421469683862	-0.379806606023656	0.067	0.293	1
CCT3	0.0769814260193895	-0.37025441767933	0.067	0.294	1
F11R	0.0775172368961964	0.331770385901047	0.267	0.129	1
HIPK1	0.0778578589265378	0.393418291843016	0.267	0.133	1
GADD45GIP1	0.0779651348183925	-0.384028850491597	0.067	0.276	1
PSMA6	0.0784886035034177	-0.409175239732254	0.2	0.512	1
TAF7	0.0789663544660306	0.455565278952567	0.4	0.269	1
SNRPD2	0.0800231609740814	-0.404047801528475	0.333	0.639	1
SSBP1	0.0805219938332404	-0.33609514204113	0.067	0.295	1
COPS9	0.0805646718534379	-0.369217316037498	0.067	0.28	1
APLP2	0.081540205198468	-0.377052609333882	0.267	0.556	1
EIF3H	0.0817513193961937	0.302799747776989	0.6	0.474	1
CAST	0.0820188542780693	-0.39658381212472	0.067	0.274	1
PSME1	0.0823282769634248	-0.423874566667883	0.267	0.599	1
CMTM6	0.0823766254486078	-0.371703762742358	0.067	0.285	1
YAF2	0.0827150321681146	0.35823533792232	0.267	0.135	1
GNAQ	0.0828467694650602	-0.377698113579956	0.067	0.283	1
TAPT1-AS1	0.083179584451955	-0.382499063046772	0.333	0.613	1
ATP5G2	0.0832842306366681	-0.35244916426631	0.333	0.643	1
PGD	0.0843104808732747	-0.346052436254913	0.067	0.291	1
CTSC	0.0847418441104619	-0.379527729164898	0.133	0.394	1
LOC100506675	0.0848114169732035	-0.370267519526044	0.133	0.387	1
GSTO1	0.085570408474745	-0.376406093038666	0.133	0.376	1
HNRNPUL1	0.0867111600786821	-0.368496394283124	0.067	0.268	1
MRPS6	0.086716763942539	0.404365668589838	0.4	0.258	1
SPCS3	0.087126320153364	-0.384013142187955	0.133	0.389	1
DUSP6	0.0872666052052248	-0.375443549644745	0.2	0.536	1
PRKDC	0.0873344866800253	-0.362824220155608	0.067	0.284	1
GNPTAB	0.0879721572075862	0.371818272292677	0.4	0.251	1
CDKN1B	0.0883028753587458	0.380060810725222	0.267	0.136	1
ALDOA	0.0886224134488221	-0.36896473079325	0.267	0.58	1
PRSS57	0.0892301808074886	-0.382666226149018	0.067	0.263	1
NRDC	0.0898765208506114	-0.361938873691549	0.067	0.272	1
PPA1	0.0899988900671842	-0.345037078850117	0.067	0.282	1
SSR3	0.0912769256548991	-0.349199232640313	0.133	0.393	1
RBM5	0.0913313367264326	0.390255651536797	0.333	0.198	1
SRP14	0.0917448853754147	0.294053258901813	0.6	0.529	1
VCP	0.0923918116057279	-0.349777916386694	0.067	0.274	1
EIF5	0.0935152160378821	-0.356142889651962	0.133	0.376	1
ATP5F1	0.0935165304149117	-0.36113528558785	0.133	0.379	1
RAP1A	0.0936474181992252	-0.354356386632973	0.067	0.277	1
SWAP70	0.0938376636525106	0.368348904386271	0.267	0.138	1
TNFSF13	0.0942095757791126	-0.361024802950064	0.067	0.261	1
NUSAP1	0.0942528039503177	0.403250664325982	0.267	0.139	1
YWHAQ	0.0945647599475221	-0.311824026190529	0.067	0.283	1
RFLNB	0.095013833580757	-0.362332700230193	0.067	0.262	1
RPS6KA3	0.0950297554243806	0.344103560987845	0.4	0.248	1
ARF5	0.0951424917680826	0.367621080085329	0.4	0.274	1
CARD8	0.0953720230665839	0.358961946393089	0.4	0.274	1
MT-ATP8	0.0955051945898517	-0.339102654217974	0.133	0.37	1
PSMA3	0.0955317436865846	0.344960552624359	0.4	0.26	1
ADGRE5	0.0959006437852603	-0.326055691048449	0.067	0.281	1
HLA-DPA1	0.096342580300275	-0.377225883218268	0.467	0.697	1
APRT	0.0969984151244478	-0.331826778877941	0.067	0.276	1
KHDRBS1	0.097294043533322	0.323577473436427	0.467	0.318	1
NOL7	0.0973750474553211	-0.356002721380021	0.067	0.259	1
CTSG	0.0975150781893971	-0.366005270725272	0.067	0.275	1
ARL6IP4	0.0976998945538494	-0.337393754644707	0.133	0.394	1
PTP4A2	0.098104627573436	-0.344234779633355	0.133	0.385	1
TPM3	0.0982889471405824	-0.291310797888797	0.6	0.826	1
PDS5B	0.0984413487731165	0.375893969443972	0.267	0.141	1
DPP7	0.098512331012898	-0.307676496481946	0.067	0.279	1
TIMM13	0.0989902212240231	0.357809374369242	0.4	0.271	1
SEM1	0.0995911434872161	-0.352342667782173	0.133	0.369	1
CELF2	0.0998832552029313	0.433950936125562	0.467	0.358	1
SNRPE	0.10124102637009	-0.359069926186284	0.133	0.357	1
HMGB1	0.101467885016584	0.258444543444818	0.8	0.689	1
MAVS	0.10169577559844	-0.334650540078379	0.067	0.267	1
EIF2S3	0.101895229504499	-0.370534050665014	0.267	0.513	1
MPZL1	0.102162689949314	0.332498549374289	0.267	0.142	1
NUP214	0.102183818875216	0.326531437454134	0.4	0.252	1
GGCT	0.102313613904176	0.4280753444548	0.333	0.214	1
FKBP3	0.10234326130001	-0.302789977412606	0.067	0.276	1
SP100	0.102951644960795	-0.36686667783961	0.133	0.34	1
CD96	0.103331194154941	0.414144035742934	0.333	0.208	1
DHRS7	0.103348177620169	-0.348637927052423	0.067	0.255	1
GNG5	0.103372483392064	-0.32222565606357	0.067	0.27	1
NIN	0.103554702181831	-0.31698451324083	0.067	0.274	1
C9orf78	0.103706493129247	-0.349880130073109	0.067	0.255	1
SATB1	0.104178269648551	0.380488503724708	0.4	0.271	1
UQCRH	0.104216469386406	-0.356288977396866	0.2	0.436	1
DRAP1	0.105081361945827	0.383820489204348	0.4	0.295	1
FXYD5	0.105424410505291	0.370113015181716	0.467	0.352	1
POMP	0.106657687260429	-0.335832084373494	0.067	0.253	1
ZC3H15	0.10724618903252	-0.338168608354016	0.067	0.255	1
CCND3	0.107591297741201	-0.326522252310656	0.067	0.264	1
SNRPF	0.107727680707438	-0.328463646284887	0.067	0.253	1
XPO1	0.109155252505233	-0.305110868591175	0.067	0.269	1
SENP6	0.109342118965099	0.340282012101847	0.4	0.27	1
PCMTD1	0.109521917900691	0.37820002782817	0.333	0.196	1
XRCC6	0.109941363859353	-0.346651991304419	0.133	0.36	1
ILF3	0.110400585245708	0.330341082426174	0.467	0.373	1
SPN	0.110654362133795	0.303452655516698	0.6	0.471	1
FAM46A	0.111448011606321	-0.339360727280798	0.067	0.261	1
ARPC2	0.112135302090207	-0.364297986921634	0.467	0.752	1
GSTK1	0.112184335451791	-0.307984279821452	0.133	0.388	1
PSMA7	0.112356725305193	-0.370100957891573	0.267	0.534	1
CD63	0.11311170363501	0.282278720792685	0.6	0.476	1
LMAN2	0.11513060448983	-0.296744640226344	0.067	0.266	1
NCL	0.115250333324231	-0.370163374096511	0.333	0.604	1
UBTF	0.1156280003196	0.35672855030909	0.333	0.214	1
SLC25A36	0.116322082113783	0.324289403697332	0.333	0.2	1
MIF	0.116507013873018	-0.321984273675688	0.4	0.593	1
IL6R	0.116693581441323	-0.332853085567267	0.067	0.25	1
GUCY1A3	0.118289486184866	-0.334616373595343	0.067	0.258	1
C9orf16	0.118657367061667	0.32378414948636	0.267	0.146	1
LAMTOR5	0.118771345538155	-0.311865528467206	0.067	0.254	1
PTP4A1	0.119413866911264	0.359641634635376	0.267	0.152	1
ARGLU1	0.120294392678484	0.258406836853109	0.667	0.541	1
ELOB	0.120580126635368	-0.329473753611523	0.133	0.347	1
VPS13C	0.122213617773445	0.33525285268304	0.467	0.357	1
NSD1	0.122384751086954	-0.314161618278258	0.067	0.256	1
RAC2	0.123469791891478	0.272481603263126	0.533	0.426	1
TRA2A	0.123924004278576	0.36326254134634	0.333	0.217	1
RPS18P9	0.124915554176901	-0.25446974897667	0.533	0.69	1
TIAL1	0.125547703937521	-0.294350033137456	0.067	0.257	1
EIF3I	0.125671672487302	-0.331596524212979	0.133	0.329	1
ANP32E	0.126019495962799	0.400301204211383	0.333	0.215	1
PDIA3	0.126145132261038	-0.343450544704467	0.267	0.554	1
ARRDC3	0.126148133275244	0.3480564492492	0.333	0.213	1
ATP5G1	0.126649457801116	-0.298428327198108	0.067	0.251	1
CDK6	0.127561625124593	-0.323215623643249	0.2	0.482	1
RABEP1	0.127701115773252	0.331964576221595	0.267	0.15	1
FGFR1OP2	0.127920483013256	-0.305320472573529	0.067	0.254	1
HLA-E	0.128242007787353	-0.338995496752447	0.467	0.722	1
HLA-DRB1	0.128866615357035	-0.372059006412234	0.4	0.702	1
PSMB10	0.128883226038379	-0.301824185510055	0.133	0.371	1
EIF5B	0.129722628946537	-0.253451762381364	0.067	0.257	1
SNX6	0.129814124370391	-0.296495428694076	0.067	0.253	1
CIB1	0.131018130791589	-0.292607651399262	0.067	0.25	1
LRRC75A-AS1	0.131312827485504	-0.259857308912721	0.6	0.768	1
KTN1	0.132240835992723	-0.326710648673353	0.133	0.339	1
NDUFA13	0.132990714625869	-0.355416053320024	0.267	0.535	1
UHMK1	0.133270193887717	-0.28056665647972	0.067	0.253	1
ANKHD1	0.133521003280167	0.357888635017411	0.333	0.218	1
TMBIM6	0.13360540062225	-0.323186499898366	0.333	0.55	1
EIF1AX	0.133710479041239	-0.290949582055073	0.067	0.251	1
LYPLA1	0.133786748722602	-0.275079450219591	0.067	0.253	1
RHOA	0.134422467420622	-0.280468067207302	0.533	0.723	1
ZFP91	0.136023851738857	0.330752757214029	0.333	0.215	1
HLA-C	0.136116946505377	-0.329207444451781	0.467	0.724	1
MTIF3	0.136815969975093	0.401261578100306	0.333	0.232	1
HSPA8	0.136888002039102	-0.28930008780627	0.4	0.658	1
TSC22D3	0.137091575366708	-0.33013917147585	0.133	0.333	1
NDUFC2	0.137779286399643	-0.270213395453576	0.133	0.345	1
CD44	0.138402478854461	-0.33100745268378	0.267	0.502	1
ICAM3	0.13858735439949	0.329415062985025	0.333	0.212	1
LINC01623	0.139108852288929	0.27769258296712	0.467	0.353	1
FLJ44635	0.139811787834494	-0.302144176599242	0.4	0.643	1
PDCD6	0.140279068014796	0.350169126473046	0.267	0.159	1
TXN	0.14056454898282	-0.335286669343986	0.267	0.502	1
DHX36	0.140656251534131	0.36544651838585	0.267	0.158	1
PLP2	0.140940187354972	0.292553310355463	0.267	0.149	1
AK3	0.14110140654313	0.335747950511297	0.267	0.156	1
SLC5A3	0.141762449039089	0.310452795369208	0.333	0.202	1
UQCR10	0.143166375152959	-0.272271617060657	0.133	0.358	1
HMGA1	0.144238328178651	0.304147853670766	0.4	0.292	1
SH3BGRL3	0.144681540475845	-0.302999078778043	0.4	0.617	1
LUC7L3	0.145332844943141	0.256416744126557	0.6	0.482	1
ITGAL	0.146641164701076	0.323262582168132	0.333	0.22	1
NDUFB4	0.149861863547439	0.302580540436595	0.4	0.291	1
NDUFS4	0.149958664161849	0.290179382176208	0.333	0.209	1
EIF3A	0.150134624818785	-0.292111975528473	0.2	0.43	1
FLJ32255	0.150248313503051	0.347896695685253	0.267	0.156	1
HSPB11	0.151092159343328	0.310502214880542	0.267	0.156	1
C4orf3	0.151142189062722	0.388579623517949	0.4	0.314	1
HIST1H4C	0.151352550126035	0.361498036702233	0.533	0.489	1
TGOLN2	0.151507213140831	-0.311439899364637	0.133	0.321	1
RGS10	0.151809299401837	0.325191662529592	0.267	0.159	1
PRKACB	0.153108061006056	0.317189242336526	0.333	0.215	1
HLA-DRB5	0.153677742936888	-0.337669828874088	0.333	0.58	1
ZNF638	0.15441330938225	0.374269043357957	0.4	0.282	1
FUS	0.155490823871454	-0.295832746361669	0.133	0.329	1
PTGES3	0.155849283560555	-0.321747092252432	0.2	0.443	1
LDHB	0.15694746704362	-0.319735148600963	0.2	0.427	1
KIAA0100	0.159142793599591	0.287227970079983	0.267	0.154	1
HMGN1	0.159760061719255	0.276658797343329	0.467	0.434	1
SMC4	0.16064282789726	0.311253798190913	0.4	0.283	1
MT-ND4L	0.161781031246556	-0.304321863628086	0.2	0.453	1
PLAC8	0.161793436181177	-0.33190010542079	0.333	0.553	1
NUCB2	0.164996425792217	0.284709422306009	0.533	0.408	1
JTB	0.16620452927571	0.258011510349495	0.467	0.356	1
NOP53	0.166820079760434	0.25789523845086	0.6	0.532	1
SRSF3	0.1686264921931	-0.283481852322331	0.267	0.513	1
MAN1A2	0.169115780716143	-0.29900431708331	0.133	0.312	1
ERCC5	0.171323996981754	0.272245070995265	0.267	0.153	1
COX8A	0.175412824275502	-0.297942077294632	0.267	0.458	1
MARF1	0.175740684397184	0.269268944632269	0.267	0.154	1
EFCAB14	0.1758805010904	0.318482572482227	0.267	0.165	1
SNHG8	0.17654863183304	-0.298099834293169	0.2	0.403	1
NREP	0.176558002330444	0.399623628301282	0.267	0.174	1
KDM5B	0.176818838858174	0.294319920830237	0.267	0.162	1
CACYBP	0.177388322231034	-0.273810293112229	0.133	0.33	1
ADAR	0.177637828498639	0.30431603277827	0.333	0.231	1
ZBTB20	0.178488990084821	0.268739612389108	0.267	0.152	1
SNRPD3	0.178967884778564	-0.283568334237663	0.133	0.303	1
NCOR1	0.184017889751867	-0.278188423411874	0.133	0.31	1
MINOS1	0.184430863557174	0.314559768360841	0.333	0.24	1
GAPT	0.184906548012041	-0.273587087330151	0.133	0.311	1
VCL	0.185149999276456	0.265432759882573	0.267	0.158	1
MT-ATP6	0.185207629914435	-0.275173002397078	0.533	0.776	1
SETX	0.187970017973624	-0.290661723839292	0.133	0.294	1
SMARCA5	0.18880967465775	0.280639569407641	0.467	0.391	1
RBBP4	0.190705593105098	0.304691995364548	0.333	0.239	1
NDUFB9	0.191592628758413	-0.256316351315076	0.133	0.328	1
OIP5-AS1	0.193130563305076	0.317546125727573	0.267	0.166	1
GUK1	0.193254410008189	-0.254322935059496	0.133	0.322	1
C8orf59	0.195244483403387	-0.272890188190951	0.2	0.393	1
CYTH1	0.195406745315963	0.291683441289768	0.267	0.162	1
CYP20A1	0.195794237511322	0.37423221324262	0.267	0.17	1
RPL22L1	0.196524084615253	-0.286035770898205	0.2	0.368	1
GPBP1L1	0.197902944215895	0.283161872908567	0.267	0.166	1
BBX	0.199504855949988	0.321223676910392	0.267	0.17	1
ANKLE2	0.200130645004754	0.340716302746919	0.267	0.174	1
PGK1	0.201751584788374	-0.270925320661529	0.2	0.389	1
VBP1	0.202595541407584	0.272140599179809	0.267	0.167	1
RNASEK	0.203567620719299	0.276690929830521	0.4	0.326	1
DNAJC9	0.20645032360667	0.296438992740829	0.267	0.173	1
ARL6IP5	0.206727729823419	-0.287979191610996	0.333	0.536	1
MRPS16	0.207667408012785	0.283874215356894	0.267	0.17	1
POLR2B	0.207925765841147	0.308964478968092	0.267	0.177	1
DEK	0.211259565326383	-0.27338149863953	0.2	0.373	1
DNM1L	0.211532219878988	0.311325754706093	0.267	0.176	1
NAP1L4	0.212940697864998	0.32160702606506	0.333	0.232	1
RIPOR2	0.214219558295701	-0.282130021532949	0.133	0.299	1
ELF1	0.21434479149332	-0.271059707799512	0.2	0.405	1
GABARAPL2	0.216579954853827	0.272080536273128	0.333	0.218	1
ARHGAP5	0.216954219680476	0.353150098950896	0.267	0.18	1
SNORA109	0.21850785383166	-0.277395368484762	0.4	0.613	1
HMGB2	0.220569822986801	0.414496418198393	0.467	0.461	1
NORAD	0.221964357445578	-0.259757161613593	0.133	0.282	1
AFTPH	0.2224962215072	0.255310379201278	0.267	0.168	1
PPP1CA	0.227051576790536	0.308669259486317	0.333	0.25	1
LAIR1	0.229460451129658	0.268099090685091	0.4	0.317	1
CBX3	0.230818158047853	0.272178523640281	0.467	0.408	1
COX6B1	0.230932496771525	-0.256017766692114	0.267	0.486	1
PSAP	0.230987393258415	-0.275086998561728	0.333	0.574	1
KLF6	0.23438662519341	-0.279161036311008	0.333	0.489	1
ITM2B	0.234646646399812	-0.291175330686751	0.333	0.587	1
HMG20B	0.235359895511421	0.279771601830322	0.267	0.179	1
CCT6A	0.23709653178039	-0.253599142650279	0.2	0.372	1
PFDN5	0.238331322236394	-0.288219738026882	0.6	0.863	1
NKTR	0.239276514370024	0.317379525069946	0.333	0.239	1
UBE2D3	0.240403947853589	-0.258099301640837	0.267	0.463	1
TTC17	0.24071635568969	0.273903935111996	0.333	0.239	1
TOB1	0.243994035255128	0.326434377113862	0.267	0.171	1
RPS4Y1	0.24434353811833	-0.25387050122859	0.267	0.449	1
HIST1H1C	0.249795670118301	0.294823952649445	0.267	0.177	1
RAN	0.251254312901509	-0.265466320607177	0.267	0.453	1
SCPEP1	0.251722732231964	0.26091063816702	0.333	0.246	1
CKS2	0.252117051250964	0.280401909738488	0.267	0.181	1
DDX46	0.258591991697063	0.295725203510934	0.333	0.255	1
MATR3	0.260970773637244	-0.253373741257475	0.333	0.546	1
BIRC6	0.267195647969059	0.283333008630114	0.267	0.19	1
RNA5-8S	0.269656300520213	-0.256097627358578	0.333	0.502	1
CEBPZOS	0.269956673992923	0.263046766993655	0.267	0.185	1
COX7A2	0.27169633656282	-0.252525639166877	0.333	0.53	1
DYNC1H1	0.276204689401745	0.314091100149636	0.267	0.196	1
SMARCE1	0.282395663387182	0.255235096532963	0.333	0.258	1
COMMD8	0.293853115971739	0.271515038917537	0.267	0.191	1
VPS4B	0.308686439984723	0.319754891472476	0.267	0.205	1
ARPC5	0.308940952768096	-0.261404228833165	0.333	0.625	1
PPP1R12A	0.313380318670931	0.285368097285831	0.333	0.269	1
TUBB	0.317527065815274	0.252793774978359	0.467	0.384	1
PCNA	0.319094318203686	0.287951457985094	0.267	0.193	1
CCNL2	0.321012598721751	0.270553440963734	0.267	0.194	1
TMF1	0.324145276652109	0.344799952920728	0.267	0.2	1
RNASE6	0.338756756250125	0.250331328098275	0.4	0.332	1
CPNE3	0.383787356185789	0.258817149950018	0.267	0.212	1
HNRNPAB	0.395490487846177	0.268040411344977	0.267	0.218	1
SPNS3	0.407753268004279	0.272422182290858	0.267	0.217	1
BCL11A	0.441837564089319	0.260003799524947	0.333	0.31	1
