Genes	p_val	avg_log2FC	pct.1	pct.2	p_val_adj
CD74	1.72446330540111e-220	0.401916022090607	0.994	0.868	4.81108017573855e-216
SAMHD1	3.00210328604591e-213	0.790533414764132	0.84	0.403	8.37556795773948e-209
HLA-DRA	6.79201796943519e-206	0.535055573925595	0.969	0.74	1.89490509329272e-201
NAPSB	6.27663815010735e-175	0.797022486593433	0.539	0.128	1.75111927749845e-170
FGL2	6.98186764170954e-140	0.748427005956379	0.553	0.166	1.94787125336054e-135
HLA-DRB1	9.50008018888626e-136	0.530410967249455	0.868	0.61	2.65042737189738e-131
HLA-DPA1	6.88829545422044e-135	0.543468727398209	0.859	0.608	1.92176554877296e-130
CST3	1.15168673541108e-132	0.546829767904361	0.855	0.558	3.21309082312338e-128
HLA-DPB1	2.80084356566102e-131	0.584645464831562	0.819	0.539	7.81407346383767e-127
FCER1A	3.49722387735509e-121	0.676787477683817	0.314	0.044	9.75690489543296e-117
MRC1	9.35616377531865e-120	0.669540334187918	0.349	0.062	2.61027613167615e-115
MS4A6A	1.36896991737475e-96	0.633972829500092	0.429	0.136	3.8192891724838e-92
HLA-DQB1	1.02007521638015e-93	0.602556914204961	0.428	0.146	2.84590784617899e-89
CPVL	4.90477779965784e-91	0.602988019003834	0.507	0.216	1.36838395832654e-86
S100B	5.56186101332597e-91	0.548169746557397	0.283	0.053	1.55170360410781e-86
HLA-DQA1	1.37593856371634e-89	0.575110717237217	0.395	0.126	3.83873099891221e-85
FCER1G	9.17442376231268e-88	0.551297938614474	0.527	0.218	2.55957248544762e-83
PKIB	5.64259737718895e-81	0.471934993053354	0.282	0.06	1.57422824226194e-76
HLA-DRB5	1.61471055212892e-79	0.455794703644802	0.741	0.491	4.50488096938447e-75
FTH1	1.63989075964435e-79	0.32463318835189	0.921	0.764	4.57513123033178e-75
IL13RA1	2.6836324626733e-79	0.485999585027229	0.356	0.107	7.48706620761223e-75
IGSF6	5.07203654510049e-75	0.48676631969107	0.387	0.131	1.41504747571759e-70
PAK1	3.10524660355373e-69	0.470155037911637	0.419	0.167	8.66332749925456e-65
DBI	4.52493237387886e-66	0.416492543872972	0.713	0.487	1.26241088298846e-61
LGALS1	1.12763511267629e-63	0.377185749487826	0.829	0.604	3.14598920085558e-59
HLA-DRB6	1.30813843770595e-63	0.460074146139194	0.452	0.211	3.64957542735582e-59
JAML	5.30205329064647e-63	0.467315621848964	0.596	0.342	1.47921984755746e-58
HLA-DMB	5.34832448582197e-59	0.431968459378691	0.352	0.135	1.49212904829947e-54
CLEC4A	1.16245439517685e-58	0.38256654436444	0.269	0.075	3.24313151710389e-54
CTSH	2.27856136447859e-56	0.419177937003229	0.363	0.137	6.35695835075882e-52
HLA-DMA	1.75090977102879e-55	0.417149784001829	0.505	0.266	4.88486317019322e-51
RNASE6	1.04696304290583e-54	0.415022458769225	0.49	0.246	2.92092219340296e-50
LMNA	3.21256456551367e-54	0.435543647877021	0.358	0.143	8.96273388132659e-50
GABARAP	8.46780642891142e-54	0.389609252431437	0.63	0.404	2.362433315602e-49
COTL1	1.72122352204283e-51	0.421495743596685	0.458	0.239	4.8020415041473e-47
S100A4	1.60199291307015e-49	0.304786826368993	0.874	0.688	4.46940002817441e-45
IFI30	2.69534456839145e-49	0.404817504696597	0.385	0.164	7.5197418113553e-45
AHR	1.08684633212102e-47	0.408828348848625	0.469	0.254	3.03219258198445e-43
CALM2	8.32879217793392e-47	0.271679593743608	0.848	0.713	2.32364972972178e-42
ITGB7	3.51058114564876e-46	0.334175742133318	0.26	0.088	9.79417033824546e-42
FTH1P3	1.52035411457792e-45	0.367261312998216	0.625	0.408	4.24163594426093e-41
MS4A7	1.60682235500395e-44	0.35777982051035	0.322	0.129	4.48287368822552e-40
ITGAX	2.30029025881641e-43	0.366848553597184	0.314	0.131	6.41757979307191e-39
KCTD12	9.98172205174353e-43	0.326539293634596	0.266	0.094	2.78480063521593e-38
AHNAK	7.75998264631337e-42	0.354444745141866	0.646	0.433	2.16495755849497e-37
ANXA5	9.81984006447381e-41	0.354829440779371	0.364	0.173	2.73963717958755e-36
CRIP1	3.48149960378484e-36	0.361244242009707	0.626	0.437	9.71303574459933e-32
CYBB	5.7912709057616e-36	0.337346979907116	0.535	0.328	1.61570666999843e-31
LST1	7.74745019636614e-36	0.30599970969068	0.669	0.494	2.16146113028419e-31
S100A6	1.60837416064158e-35	0.288055809557822	0.785	0.604	4.48720307077395e-31
IQGAP1	3.84701069700058e-35	0.309583600236225	0.65	0.458	1.07327751435619e-30
NCF2	5.67205023499258e-35	0.304527801694972	0.272	0.114	1.58244529506058e-30
MYL12A	1.43156114209811e-33	0.252910141171277	0.786	0.64	3.99391243033951e-29
GPR183	4.63624984929213e-33	0.288513012104406	0.283	0.124	1.29346734545401e-28
PSAP	2.65043665503232e-32	0.292558948871606	0.681	0.514	7.39445322387468e-28
CKLF	2.62536911129157e-30	0.311060294013458	0.5	0.33	7.32451728359236e-26
PTPRE	5.57136874694877e-30	0.306373398735577	0.391	0.222	1.55435616671124e-25
CFP	1.67104807334851e-29	0.302746989858933	0.308	0.158	4.66205701983501e-25
RAB11FIP1	1.71013957930012e-29	0.294979739691415	0.354	0.189	4.77111841228941e-25
CTSS	2.76636859674052e-28	0.293264019659896	0.652	0.482	7.71789174804637e-24
CXorf21	2.00701870596529e-27	0.277314032206729	0.323	0.173	5.59938148777255e-23
PLD4	3.02477581251857e-27	0.255701925444634	0.264	0.129	8.43882203934557e-23
S100A11	4.45662223681162e-27	0.260953153992463	0.259	0.122	1.24335303784807e-22
ANXA2	9.45053707844068e-27	0.280097850668638	0.399	0.228	2.63660533951416e-22
FOS	3.4683710703859e-26	0.280061251080717	0.621	0.446	9.67640844926963e-22
SCPEP1	5.8423231742073e-26	0.273137274669611	0.345	0.192	1.62994974237209e-21
LY86	1.63452019738018e-25	0.276275894690716	0.46	0.298	4.56014789867097e-21
CTSB	1.02055357220324e-24	0.271601176221619	0.485	0.323	2.84724241108981e-20
CAPG	1.49422877844301e-24	0.263198751862237	0.329	0.186	4.16874886897814e-20
ITGB2	1.62121120692815e-24	0.257022688946978	0.614	0.448	4.52301714620885e-20
DDIT4	8.23861754876803e-24	0.271151947478569	0.358	0.208	2.29849190993079e-19
ETS2	1.11469935962107e-23	0.274353137044959	0.387	0.237	3.10989974340682e-19
