Genes	p_val	avg_log2FC	pct.1	pct.2	p_val_adj
UBE2C	2.27443402702187e-295	1.18011173079382	0.753	0.033	6.34544349198831e-291
ASPM	3.69793897126491e-258	1.32237952944703	0.813	0.052	1.0316879935932e-253
HMMR	3.18431924474125e-250	1.13692328974724	0.7	0.036	8.88393226090361e-246
CENPE	1.05659567193667e-215	1.10106827028536	0.693	0.043	2.94779626513611e-211
TOP2A	9.20030866230525e-214	1.64032010492815	0.96	0.117	2.56679411369654e-209
MKI67	3.76540318643282e-204	1.37078942052603	0.873	0.087	1.05050983498289e-199
DLGAP5	1.62496605639077e-203	0.913763852517765	0.553	0.026	4.53349280072461e-199
CENPF	1.1225488860932e-193	1.4881750370562	0.9	0.108	3.13179913731142e-189
CCNB1	1.05857717876437e-186	0.904204417144711	0.567	0.031	2.95332447103471e-182
TPX2	2.63996019230714e-184	1.13097480978818	0.773	0.073	7.3652249405177e-180
GTSE1	5.89008762621503e-183	0.758850595359746	0.5	0.023	1.64327554683773e-178
CCNB2	7.05959705639243e-168	0.79532048771126	0.493	0.026	1.96955698276292e-163
CDK1	2.14317038396926e-160	0.905757999588157	0.593	0.044	5.97923105423585e-156
NUSAP1	1.37662685572315e-158	1.21370722409328	0.847	0.11	3.84065126478201e-154
BUB1	1.69963147973355e-158	0.871432378235174	0.587	0.043	4.74180186530862e-154
DEPDC1	1.05811158173182e-152	0.640983720909513	0.38	0.014	2.95202550187361e-148
CDC20	1.57251229964667e-147	0.478384396779261	0.307	0.008	4.38715206478425e-143
PLK1	9.07246816147046e-140	0.501391396277718	0.313	0.01	2.53112789236864e-135
BIRC5	2.22659267288508e-138	0.904712057850495	0.593	0.054	6.21197089808209e-134
KIF2C	1.45827996486291e-135	0.748223782137033	0.473	0.032	4.06845527397102e-131
HJURP	4.03663861711201e-127	0.618716853820303	0.413	0.025	1.12618180778808e-122
CCNA2	2.51185098252562e-125	0.793512718603114	0.527	0.046	7.00781305614822e-121
KIF14	3.38084321806501e-125	0.653798445950357	0.447	0.03	9.43221449407956e-121
KIF20A	4.12802665798768e-120	0.439906939050044	0.26	0.007	1.15167815731198e-115
AURKB	5.05811812007752e-117	0.586651855286062	0.407	0.026	1.41116437432043e-112
TROAP	1.06474657217633e-116	0.47144731350395	0.307	0.013	2.97053646171474e-112
AURKA	4.36846317415123e-115	0.672836269093394	0.407	0.027	1.21875754095645e-110
NCAPG	1.15776273115458e-113	0.733965254177463	0.513	0.048	3.23004224364815e-109
NUF2	2.48637951487262e-111	0.64296843560397	0.427	0.032	6.93675020854311e-107
ANLN	7.26386282974129e-110	0.627350463055991	0.427	0.032	2.02654509086952e-105
PTTG1	4.24073682223014e-108	0.884255956007448	0.607	0.076	1.18312316603399e-103
IQGAP3	5.27974970162651e-106	0.59069183458423	0.407	0.03	1.47299736925678e-101
PRC1	6.27082954714162e-106	0.815233282465447	0.587	0.07	1.74949873535704e-101
HIST1H1B	1.41887699618305e-103	1.1851959666971	0.713	0.118	3.95852493165108e-99
KIF23	1.2339365902944e-98	0.69945842183862	0.467	0.046	3.44255969326234e-94
HMGB2	2.18352182669448e-98	1.18537486764392	0.993	0.44	6.09180754429492e-94
CKS2	2.51869134750473e-98	1.040987364648	0.78	0.157	7.02689699040344e-94
CDCA2	4.15201904199268e-98	0.523471577646244	0.347	0.023	1.15837179252554e-93
KNL1	1.13207100272431e-97	0.699322938685278	0.473	0.048	3.15836489050054e-93
CDCA3	1.97251302176876e-97	0.465625409183257	0.3	0.016	5.50311407943266e-93
CKAP2L	4.32011145308003e-97	0.529155519454651	0.34	0.022	1.2052678942948e-92
NDC80	4.16200420249738e-95	0.66231545816509	0.433	0.041	1.16115755245474e-90
KIF11	1.80224788292363e-93	0.775415657682006	0.533	0.066	5.02809136856863e-89
SGO1	3.61507784270818e-93	0.568574866418106	0.393	0.033	1.00857056733715e-88
CDCA8	5.4128137540213e-90	0.551795383557284	0.353	0.027	1.5101209092344e-85
SGO2	6.36708840740299e-90	0.728484847721566	0.513	0.062	1.77635399478136e-85
PRR11	1.18465754043683e-89	0.89285127977985	0.64	0.104	3.30507607206471e-85
TTK	6.36585752206464e-86	0.54057682060145	0.353	0.029	1.77601059008081e-81
TUBB4B	5.296661695816e-85	0.865517331415552	0.647	0.112	1.4777156465157e-80
CKS1B	2.20185122975094e-84	0.86341891351509	0.673	0.119	6.14294474588214e-80
CEP55	5.11865296939556e-84	0.538835519228259	0.353	0.029	1.42805299193167e-79
CDKN3	5.44185723325467e-82	0.533374382388672	0.353	0.031	1.51822374950572e-77
KIF4A	5.6204611321484e-82	0.56081599408877	0.36	0.032	1.56805245125808e-77
ARHGAP11A	3.00437659613111e-81	0.604113547270194	0.4	0.041	8.38191026554619e-77
HIST1H2AJ	1.09616104326291e-79	0.588490680511875	0.413	0.044	3.0581796945992e-75
CKAP2	6.67966575711182e-76	0.800136407145764	0.593	0.102	1.86355994957663e-71
KIF20B	3.21152088942439e-75	0.828335222856673	0.667	0.129	8.95982212940511e-71
CCNF	2.22862797125626e-74	0.408563427112688	0.267	0.018	6.21764917700784e-70
BUB1B	4.76185541739149e-74	0.557324473822437	0.387	0.042	1.32851004289805e-69
KIF15	1.90288407168827e-72	0.596905336929454	0.393	0.045	5.30885627160309e-68
HIST1H1D	1.6023576471564e-71	1.06073868672239	0.88	0.285	4.47041759980165e-67
SPDL1	3.31270049743817e-71	0.535161630547281	0.387	0.043	9.24210311780275e-67
CIT	9.86998699995768e-71	0.542297948196879	0.38	0.042	2.75362767311819e-66
TUBB	4.24681512430136e-69	0.95409976501292	0.953	0.361	1.18481895152884e-64
STMN1	5.05664528841839e-69	0.987896992761155	0.927	0.339	1.41075346901585e-64
ARL6IP1	1.30345255381947e-67	0.986664447775352	0.887	0.334	3.63650227990095e-63
KPNA2	1.48482057775254e-67	0.673490275249383	0.48	0.073	4.1425009298718e-63
HIST1H4C	2.3449655914275e-64	1.01438314473775	0.927	0.471	6.54221950352359e-60
NCAPH	2.83238970987855e-64	0.484010142969969	0.347	0.038	7.90208405159017e-60
TUBA1C	4.62625674496661e-64	0.825864603885427	0.693	0.17	1.29067936927824e-59
HMGB1	3.38558054456574e-61	0.685038007770854	0.993	0.677	9.44543116128394e-57
KIF18A	8.2803149118568e-61	0.403490210659183	0.253	0.021	2.31012505725893e-56
HMGN2	2.11032106914146e-59	0.784959952698701	0.973	0.551	5.88758475079775e-55
HMGB3	1.44512709513696e-57	0.500092564817388	0.367	0.048	4.03176008272259e-53
CKAP5	1.66633746220177e-57	0.630891194858519	0.513	0.094	4.64891488579672e-53
INCENP	4.9450918448482e-57	0.442671605552948	0.28	0.028	1.3796311737942e-52
SMC4	7.11190803754552e-57	0.838683500078692	0.82	0.262	1.98415122339482e-52
SPAG5	7.41046908080335e-55	0.388461542796558	0.293	0.032	2.06744676885333e-50
TUBA1B	8.01178285297262e-55	0.839817332128162	0.913	0.449	2.23520729815083e-50
NCAPD2	5.25879723637503e-54	0.623141668597548	0.46	0.083	1.46715184097627e-49
RACGAP1	6.39930949413228e-54	0.422651776239216	0.267	0.027	1.78534335576796e-49
ECT2	4.43754502011875e-53	0.428188493817792	0.287	0.032	1.23803068516293e-48
TMPO	1.02320329282681e-51	0.823689446314841	0.813	0.285	2.85463486665752e-47
KIFC1	1.04156743174674e-51	0.416266909559998	0.273	0.03	2.90586897783022e-47
H2AFX	2.21288006282855e-51	0.601671587080184	0.453	0.084	6.17371408728537e-47
KIAA1524	5.68919142785324e-48	0.459948805773237	0.327	0.046	1.58722751645678e-43
SKA3	1.52806097417778e-46	0.449488093054222	0.34	0.051	4.26313731185859e-42
PCLAF	2.39506853464311e-46	0.775592392066249	0.72	0.209	6.68200170480081e-42
H2AFZ	4.11711847078412e-46	0.784531429293721	0.873	0.371	1.14863488216406e-41
FAM166A	1.5049756867828e-45	0.402507195877622	0.293	0.039	4.19873166855533e-41
HIST1H1C	6.40337564412862e-45	0.747632142866093	0.587	0.16	1.78647777095544e-40
SPC25	4.97285257606008e-44	0.350120184792365	0.267	0.033	1.387376140195e-39
MXD3	8.00158026907739e-44	0.526726346316248	0.4	0.074	2.2323608792699e-39
NEIL3	1.14705711935007e-41	0.427615727996652	0.313	0.049	3.20017465727475e-37
JPT1	2.43856753443366e-40	0.623435213039923	0.567	0.152	6.80335956431647e-36
NUCKS1	4.43656226530964e-40	0.707812366769376	0.88	0.435	1.23775650639874e-35
HIST1H2AM	9.51526207574768e-40	0.651998804463617	0.527	0.139	2.65466296651285e-35
TACC3	1.18860144076085e-39	0.613059376622599	0.58	0.158	3.31607915957869e-35
ANP32E	3.92700899800514e-39	0.657377404960912	0.64	0.198	1.09559624035345e-34
MAD2L1	6.38222769774734e-39	0.468509668808538	0.38	0.074	1.78057770539453e-34
C1QTNF4	8.31057591109847e-39	0.494769790275146	0.373	0.073	2.31856757343736e-34
DTYMK	8.43508964612893e-39	0.547355871474684	0.453	0.105	2.35330566037351e-34
RAD21	1.03327833227919e-37	0.689360781390943	0.82	0.346	2.88274321922571e-33
SHCBP1	1.09897229295595e-36	0.387585800866013	0.307	0.051	3.0660228001178e-32
ESCO2	8.02626738280571e-35	0.410957100740417	0.3	0.052	2.23924833712897e-30
LMNB1	2.98044334729117e-34	0.591602490120643	0.547	0.163	8.31513889460765e-30
LBR	7.51794591330343e-33	0.591821508407224	0.673	0.229	2.09743173035252e-28
HIST1H1E	1.41385271068416e-32	0.671984583187422	0.687	0.265	3.94450767753775e-28
GEN1	1.47280824403391e-32	0.38679008705973	0.293	0.053	4.10898772003021e-28
BUB3	1.69591216337979e-32	0.546974739063951	0.507	0.143	4.73142534461328e-28
CENPW	8.68097961150305e-32	0.420998500401834	0.347	0.074	2.42190650181324e-27
CENPN	2.71379961791372e-31	0.39108143448146	0.307	0.06	7.57122955401748e-27
CCNG2	4.75852365340324e-31	0.441664183276432	0.387	0.089	1.32758051406297e-26
HP1BP3	6.32043783758004e-31	0.647831236903642	0.793	0.396	1.76333895230646e-26
C21orf58	1.31420651877956e-30	0.417349856332832	0.32	0.066	3.6665047667431e-26
EZH2	2.17103776020403e-30	0.508179049132228	0.467	0.129	6.05697824719323e-26
CEP152	2.97268732392473e-30	0.425922197864348	0.38	0.088	8.29350036501761e-26
NUCB2	3.51637780553877e-30	0.640438566209248	0.807	0.392	9.81034243967261e-26
POLQ	6.02599795650011e-30	0.330395214978416	0.253	0.043	1.68119316988396e-25
HNRNPA1	2.27638313585667e-29	0.360350004271552	0.987	0.814	6.35088131072653e-25
FANCD2	7.19315246269777e-29	0.388576640270362	0.327	0.071	2.00681760556805e-24
CEP70	2.03244856175437e-28	0.331745753141415	0.267	0.049	5.67032824243853e-24
DBF4	3.43664278383331e-28	0.35857931629898	0.287	0.057	9.58788970261655e-24
CDCA5	1.664832069592e-27	0.321436005567397	0.253	0.047	4.64471499095473e-23
CALM3	6.19621400728361e-27	0.489376612476927	0.527	0.169	1.72868174589205e-22
MIS18BP1	2.22139019901824e-26	0.589397525100692	0.687	0.295	6.19745651624098e-22
ORC6	4.8610095738375e-26	0.328760951461697	0.273	0.055	1.35617306100492e-21
RAD51AP1	2.29072973798004e-25	0.318755805545391	0.26	0.052	6.39090689599051e-21
UBE2T	4.60573827197313e-25	0.351539446646662	0.3	0.068	1.28495492049778e-20
DCP2	7.24531152239745e-25	0.482023336770729	0.507	0.167	2.02136946163367e-20
BRD8	1.19745639237077e-24	0.4626027779322	0.453	0.141	3.3407835890752e-20
ACY3	5.13963367123571e-24	0.484385602226839	0.353	0.095	1.43390639793805e-19
FBXO5	1.29088461336999e-23	0.329053134731641	0.26	0.056	3.60143898284095e-19
KIF22	1.5900823515981e-23	0.363391219770936	0.387	0.106	4.43617075272354e-19
SMC2	4.11172416339042e-23	0.430586450899729	0.42	0.129	1.14712992434429e-18
RBMX	8.13748867883182e-22	0.53707011685945	0.76	0.402	2.27027796650729e-17
CENPU	1.35981553913318e-21	0.401645388177063	0.427	0.134	3.79374937262765e-17
RHNO1	6.66876113382615e-21	0.288918982894256	0.253	0.058	1.86051766872616e-16
APOC2	7.68071604533926e-21	0.449099812604617	0.507	0.187	2.1428429694892e-16
SCLT1	2.58651984707737e-20	0.346648354006443	0.293	0.076	7.21613172136116e-16
CLECL1	2.59829228049217e-20	0.326571056478477	0.313	0.083	7.2489756333451e-16
TTF2	4.26752276734483e-20	0.389607717628687	0.353	0.106	1.19059617686153e-15
NREP	7.51756604546717e-20	0.466261033715153	0.447	0.163	2.09732575102489e-15
LOC100506844	1.08635550587928e-19	0.455461650702887	0.587	0.235	3.03082322585259e-15
SFPQ	2.2902963006542e-19	0.495723252801743	0.667	0.315	6.38969764919516e-15
HNRNPA2B1	2.47553176442938e-19	0.374224194764236	0.913	0.696	6.90648606958153e-15
RHEB	5.64497716294797e-19	0.370603096889935	0.387	0.125	1.57489217869086e-14
CCDC18	1.34322979816044e-18	0.352297477199	0.313	0.09	3.74747681388781e-14
UBE2S	1.54332485807083e-18	0.29503111027299	0.253	0.063	4.30572202153181e-14
GGH	1.86843177552532e-18	0.299523518482521	0.287	0.079	5.21273781053808e-14
HIST2H2AC	2.2109142421606e-18	0.329041854877154	0.293	0.082	6.16822964420385e-14
CXorf21	2.63896433905317e-18	0.425895419595992	0.54	0.213	7.36244660952443e-14
CALM2	7.76180248093416e-18	0.34521087826495	0.947	0.753	2.16546527415582e-13
LGALS1	9.8564805052214e-18	0.426523604639405	0.9	0.675	2.74985949615172e-13
SKA2	1.06039123785344e-17	0.304873716390952	0.32	0.095	2.95838551448732e-13
RAN	1.29222979036635e-17	0.470420565248296	0.78	0.438	3.60519189214308e-13
BRCA2	1.84482549797737e-17	0.341482007237988	0.313	0.094	5.14687865680706e-13
TRMT5	4.93548212450483e-17	0.312953251461175	0.327	0.101	1.3769501579156e-12
KMT5A	4.97659061755709e-17	0.277367696477703	0.28	0.078	1.38841901639225e-12
H2AFV	5.87840664306672e-17	0.451722665880899	0.62	0.286	1.64001666934918e-12
IGFBP7	1.386267448205e-16	0.398563320660067	0.427	0.161	3.86754755374712e-12
HDGF	2.8479295525996e-16	0.418549514187649	0.52	0.221	7.94543865879764e-12
NUP214	5.20377710831992e-16	0.420159088955725	0.553	0.24	1.45180177545017e-11
FAM111A	1.13944340315761e-15	0.41892749167466	0.553	0.243	3.17893315046942e-11
TEX30	1.45062351296691e-15	0.33504900654697	0.333	0.111	4.04709453882639e-11
ATAD5	2.404270581882e-15	0.327917616669318	0.32	0.106	6.7076744963926e-11
CENPK	2.76255359303681e-15	0.30762887880007	0.253	0.074	7.70724826921338e-11
SPINK2	4.39017362505374e-15	0.456293235916804	0.813	0.511	1.22481453965374e-10
CENPJ	6.02952476937913e-15	0.253939973703463	0.28	0.084	1.68217711540908e-10
MZT2B	7.47036062195175e-15	0.378741544475688	0.453	0.189	2.08415590991832e-10
SOX4	7.77602299935309e-15	0.431367486447815	0.553	0.264	2.16943265658952e-10
CBX5	1.11067783652922e-14	0.389856930235922	0.533	0.237	3.09868009613287e-10
HAUS4	1.37748482449941e-14	0.329620682585949	0.4	0.152	3.8430449118709e-10
C1orf228	1.56383407263327e-14	0.39359037964998	0.44	0.184	4.36294067923955e-10
CNTRL	1.93054862338413e-14	0.422968718944902	0.64	0.316	5.38603760437938e-10
LSM5	3.77934153855366e-14	0.40593023681611	0.487	0.221	1.05439849584109e-09
KDM1A	5.70252833095921e-14	0.260735692277173	0.307	0.102	1.59094837905431e-09
CDKN2C	1.12757548897581e-13	0.3135904357737	0.32	0.113	3.14582285669361e-09
CLEC11A	1.15515417899651e-13	0.388500068723303	0.453	0.2	3.22276464398237e-09
HSD17B11	1.35662618724996e-13	0.409900840774376	0.707	0.387	3.78485139980867e-09
RNASEH2B	1.36666340522767e-13	0.377741816203217	0.507	0.231	3.81285423424469e-09
LSM4	1.40308261223161e-13	0.349860030090114	0.5	0.22	3.91446017986497e-09
MPHOSPH9	1.80155653816299e-13	0.255018020644747	0.28	0.091	5.02616258582093e-09
FTL	3.79669147377512e-13	-0.250012685403678	0.813	0.868	1.05923895426852e-08
BRCA1	4.21772355801579e-13	0.277566413746952	0.307	0.107	1.17670269545083e-08
YEATS4	4.63185014929928e-13	0.308022703568749	0.367	0.141	1.29223987315301e-08
HMGN1	7.80552252444211e-13	0.390136465521439	0.733	0.422	2.1776627290941e-08
CXCR4	8.3446843056387e-13	0.335057257669057	0.493	0.213	2.32808347443014e-08
ANP32B	1.03497643623444e-12	0.391757714283621	0.773	0.486	2.88748075945047e-08
PSIP1	1.26371391251545e-12	0.35030728358946	0.433	0.189	3.52563544452685e-08
CAPG	1.37956990738184e-12	0.37899034328694	0.487	0.226	3.84886208460459e-08
CCDC14	1.57520473258079e-12	0.299836244266036	0.28	0.098	4.39466368342716e-08
SATB1	1.67163795052106e-12	0.40679409614227	0.533	0.26	4.66370271815871e-08
ACTL6A	2.22482467353101e-12	0.269246000694444	0.287	0.102	6.20703835668417e-08
HNRNPUL2	2.43019419223201e-12	0.30215958419182	0.333	0.126	6.77999877690808e-08
RNASE6	2.76260656101882e-12	0.392343235040127	0.62	0.32	7.70739604458641e-08
TUBA1A	2.9649160140072e-12	0.386623756209209	0.673	0.358	8.27181918747868e-08
SUN2	3.40839192706237e-12	0.296352382679015	0.313	0.115	9.5090726373113e-08
CTSG	4.20878224742248e-12	0.385487894120421	0.527	0.264	1.1742081592084e-07
H2AFY	4.96263518606928e-12	0.3451081623775	0.853	0.613	1.38452559056147e-07
PRIM1	5.11093591031675e-12	0.335677644425641	0.38	0.16	1.42590000961927e-07
UXT	8.96309110927242e-12	0.346011619989759	0.533	0.26	2.50061278857591e-07
HNRNPA1P10	1.39854330421418e-11	0.340638510128916	0.487	0.237	3.90179596442713e-07
CD59	1.74891396409868e-11	0.264456266855436	0.32	0.123	4.87929506843891e-07
PLIN3	2.13239523819933e-11	0.306335283586109	0.44	0.195	5.94916947505232e-07
CEP350	2.59949735515343e-11	0.352010978702021	0.473	0.223	7.25233767114256e-07
DCK	2.98742311093608e-11	0.270587248079942	0.333	0.13	8.33461173720056e-07
KCNJ3	4.87458164363959e-11	0.350489708975669	0.553	0.291	1.35995953275901e-06
PNRC2	4.95931699334496e-11	0.33934361467188	0.553	0.279	1.38359984797331e-06
VAMP8	7.39605910476352e-11	0.320046466872283	0.887	0.652	2.06342652963797e-06
CD36	8.22731004846123e-11	-0.507220091156341	0.453	0.587	2.2953372304202e-06
NKX2-1	9.15412685308949e-11	0.256752011798068	0.28	0.105	2.55390985074344e-06
USP1	1.05706290606844e-10	0.340819203934994	0.473	0.234	2.94909980164035e-06
DCAF7	2.3682527142103e-10	0.308543163565575	0.44	0.207	6.60718824737531e-06
COX8A	2.57118213849556e-10	0.366951384997784	0.72	0.447	7.17334104818876e-06
CALR	3.22637310820778e-10	0.343066046878511	0.773	0.549	9.00125833458888e-06
RNASE2	3.51708745674874e-10	0.379886363494102	0.56	0.312	9.81232229558331e-06
HNRNPA3	3.93965223344834e-10	0.357026400950321	0.767	0.448	1.09912357660975e-05
PLD4	4.61063629146562e-10	0.294707538735211	0.373	0.169	1.28632141895599e-05
PPP2R5C	5.62038797394999e-10	0.308713450520588	0.36	0.161	1.56803204085231e-05
ASF1A	5.65895031446263e-10	0.303684947598999	0.327	0.14	1.57879054823193e-05
ILF2	8.95456159685902e-10	0.274068336579531	0.447	0.209	2.4982331399077e-05
PALLD	1.27223489509881e-09	0.255233756494731	0.293	0.117	3.54940813383618e-05
TOP1	1.34712180460755e-09	0.274397733427603	0.407	0.187	3.7583351226746e-05
TARDBP	1.48826074349624e-09	0.298578017228073	0.427	0.209	4.15209864828016e-05
MORF4L2	1.59466233170159e-09	0.284974570683707	0.38	0.177	4.44894843921427e-05
ANXA1	1.85960623481088e-09	-0.338393737309026	0.613	0.689	5.18811543449887e-05
GSTP1	2.28654373630937e-09	0.29595086097357	0.913	0.708	6.37922836992951e-05
NONO	2.95095891781442e-09	0.329716897189653	0.727	0.461	8.23288028481044e-05
IDH2	2.99097043465014e-09	0.262828607230799	0.353	0.161	8.34450841563042e-05
GAPT	3.31976012149981e-09	0.306459219700167	0.567	0.3	9.26179876297233e-05
WHAMMP2	4.01283732483017e-09	0.261346879748704	0.327	0.144	0.000111954148525437
RUNX2	4.24503512135653e-09	0.291029269795496	0.34	0.153	0.000118432234850726
LINC00987	4.90402899609648e-09	0.280302516605659	0.4	0.196	0.000136817504962096
CD164	5.2635505802057e-09	0.292218786461064	0.56	0.292	0.000146847797637159
TPRKB	5.81948787186195e-09	0.275251126345623	0.42	0.204	0.000162357892137076
DEK	8.65298423040245e-09	0.32055891520487	0.627	0.362	0.000241409607043998
FAM46A	1.2333056292943e-08	0.29179331251781	0.487	0.251	0.000344079937516816
LIME1	1.32279754592741e-08	0.256550089757854	0.26	0.107	0.000369047287338289
PCM1	1.34248652081325e-08	0.318432829372217	0.673	0.397	0.00037454031444169
DCTN3	1.58637066688159e-08	0.257123969195161	0.3	0.133	0.000442581552353295
CCAR1	1.64951029572097e-08	0.284721474910703	0.4	0.198	0.000460196877403195
TBL1XR1	2.46339640432764e-08	0.283856006928965	0.427	0.22	0.000687262962843369
CEP57	2.9500226903394e-08	0.269737621024475	0.36	0.173	0.00082302683037779
LAT2	3.95594480585672e-08	0.277931170616383	0.513	0.275	0.00110366904138597
UBTF	4.9853717526419e-08	0.268305422028696	0.407	0.207	0.00139086886526956
TARP	5.01031138329424e-08	0.306287050758082	0.587	0.346	0.00139782677282526
HNRNPH3	5.75520597283034e-08	0.269519214442539	0.487	0.256	0.00160564491435994
FUS	6.23481517687689e-08	0.295005557822901	0.553	0.319	0.00173945108619688
SLC38A1	6.69232171323859e-08	0.270044115569679	0.44	0.227	0.00186709083477643
PAN3	7.26888072256185e-08	0.254214015211612	0.42	0.21	0.00202794503278753
EWSR1	9.40702027442298e-08	0.261849545328247	0.38	0.191	0.00262446458636127
PSMD7	1.06479538018211e-07	0.250422621569735	0.387	0.195	0.00297067263117007
HNRNPH1	1.19892156581309e-07	0.303712675134336	0.753	0.475	0.00334487127646194
HNRNPA0	1.22085770887771e-07	0.266644023980553	0.5	0.276	0.00340607092199792
SRSF10	1.30653195748174e-07	0.26799978049286	0.46	0.248	0.0036450935081783
CD96	1.98653903765132e-07	0.252921693492212	0.393	0.201	0.00554224526114341
DAD1	2.11047054383625e-07	0.260161542622179	0.5	0.278	0.00588800177024875
METTL7A	2.13269967395082e-07	0.282855709282414	0.56	0.322	0.0059500188203554
XPO1	2.29781851208821e-07	0.254227159479186	0.48	0.26	0.0064106838668749
ERP29	2.78962519462074e-07	0.289241724336132	0.68	0.432	0.00778277533047241
MRPL51	2.79249182407676e-07	0.254816920020241	0.427	0.23	0.00779077293999174
METAP2	2.80597362050341e-07	0.25573234902233	0.393	0.207	0.00782838580384246
MRPL33	3.36370861327911e-07	0.285992159834899	0.68	0.42	0.00938441066018739
SRP9	3.72512766485068e-07	0.270660456588254	0.58	0.334	0.0103927336721669
CCDC88A	4.45757021876048e-07	0.283599308832309	0.567	0.336	0.0124361751533199
HSP90B1	4.98010315234694e-07	0.279918851236237	0.787	0.56	0.0138939897847327
SH3KBP1	6.33367628226974e-07	0.251307300633229	0.48	0.266	0.0176703234599044
ITM2C	6.45609211580037e-07	0.256302601811151	0.493	0.284	0.0180118513938714
TMBIM4	7.1605826752748e-07	0.259816558549258	0.493	0.285	0.0199773096057492
CBX3	8.2721349512771e-07	0.289018961602624	0.627	0.4	0.023078429300568
TPR	9.95040038173687e-07	0.260078401680351	0.54	0.311	0.0277606220250077
COX17	1.27657050595461e-06	0.250644085499401	0.373	0.203	0.0356150405456276
SPN	1.3533594035694e-06	0.275981268570733	0.68	0.463	0.0377573740001828
SSR2	1.37148231116601e-06	0.26341066060281	0.613	0.383	0.0382629849992206
CHD4	1.51048300332414e-06	0.255191549785679	0.513	0.3	0.0421409653097402
GTF2I	1.87289468241629e-06	0.25161534086809	0.607	0.364	0.052251888744732
ATP5F1	2.23681280385394e-06	0.255949100672483	0.6	0.369	0.062404840414721
ST13	2.29633389534654e-06	0.262550004629422	0.62	0.384	0.0640654193462732
HNRNPD	2.43680985050373e-06	0.255207913346147	0.52	0.314	0.0679845580192036
HNRNPR	3.32737497909417e-06	0.256693080817491	0.567	0.351	0.0928304345417483
RNA5-8S	3.9212664279209e-06	0.285593068780641	0.707	0.493	0.109399412072565
SEPT6	4.10799150135616e-06	0.251985077352986	0.58	0.359	0.114608854896335
MT-ND1	6.13272995172677e-06	-0.278874393488258	0.533	0.65	0.171097032923225
SAT1	6.41315948760718e-06	-0.390989091131268	0.22	0.361	0.178920736544753
SLC25A5	7.70742583597586e-06	0.254468348115451	0.7	0.456	0.21502947339789
SRSF3	9.46533237341744e-06	0.257985672301218	0.72	0.504	0.264073307885973
JAML	2.76760788854074e-05	-0.363744775673578	0.327	0.436	0.77213492482398
TSC22D3	6.33798007967023e-05	-0.362565113128699	0.22	0.336	1
MT-ND4L	0.000232952624879751	-0.285839824065532	0.347	0.456	1
KLF6	0.00105437341500886	-0.25063779569638	0.413	0.492	1
