Genes	p_val	avg_log2FC	pct.1	pct.2	p_val_adj
CRIM1	6.87622282106571e-26	0.883925140112786	0.4	0.005	1.91839740484912e-21
RASA3	3.35230252773824e-19	0.75229345668121	0.4	0.008	9.3525888221369e-15
BORCS5	2.15199390029514e-13	0.755075670809419	0.4	0.012	6.0038477824334e-09
ERAL1	1.86787703117446e-11	0.764208002517158	0.4	0.015	5.21119012927363e-07
C19orf66	6.41012933106129e-11	0.751036411587066	0.4	0.016	1.78836198207279e-06
INPPL1	1.90853511289912e-10	0.990895904013575	0.6	0.038	5.32462211147726e-06
HIST1H2AK	2.29896322022224e-09	0.850902731198017	0.4	0.019	6.41387748809802e-05
CDKN1C	2.68754677953559e-08	0.843509023075395	0.4	0.022	0.000749798676022633
AP1M1	1.67115540862413e-07	0.906199571649677	0.4	0.026	0.00466235647452047
HIST1H2AL	2.95501663331554e-07	0.82830859921072	0.4	0.027	0.00824420090528702
SPG7	1.24670203851528e-06	0.647967771729633	0.4	0.028	0.0347817401725379
ZBED5	2.28358647720744e-06	1.03986236256707	0.6	0.071	0.0637097791276104
ANKRD13A	8.94315696602843e-06	0.859592426268116	0.6	0.074	0.249505136195227
HOMER3	9.04363275044539e-06	0.688500842147867	0.4	0.034	0.252308310104676
NMRAL1	2.66447006875823e-05	0.734643555560894	0.4	0.038	0.743360504482859
GATD1	3.31977783442501e-05	0.718155567753923	0.4	0.039	0.926184818026234
LRRC8C	4.21647133229473e-05	0.623941393184795	0.4	0.038	1
DGKG	4.23954090122485e-05	0.774471218481697	0.4	0.041	1
CHSY1	4.8601356516687e-05	0.693371632746934	0.4	0.04	1
SHKBP1	6.04504528814945e-05	0.804619342613304	0.4	0.042	1
THBS1	7.22465822017174e-05	0.956585001411092	0.4	0.042	1
ZZEF1	7.53422755345256e-05	0.7166083131423	0.4	0.042	1
MIDN	8.78543064524682e-05	0.874223600844671	0.4	0.043	1
KMT5A	9.07668545224738e-05	0.797016341108649	0.4	0.044	1
DLGAP4	9.75306477766431e-05	0.617804968086232	0.4	0.042	1
EZR	0.000128569902570121	1.12235164594965	0.8	0.211	1
PHTF2	0.000191067350975143	0.779734557516631	0.4	0.049	1
CDC42BPB	0.000204364183271807	0.703806968525182	0.4	0.047	1
BCAS2	0.000225621923835744	0.805675606675978	0.6	0.103	1
HOPX	0.000248194128743271	0.99420388777501	0.6	0.114	1
ANPEP	0.00029132692348458	0.713785444152527	0.4	0.05	1
ELMO1	0.000359647889782673	0.933500355535009	0.6	0.116	1
MTF2	0.0003608947169659	0.892211676678339	0.6	0.114	1
ATP6V0C	0.000576113036365829	0.701394517758185	0.4	0.054	1
GPSM2	0.000587152994916258	0.60187391294108	0.4	0.053	1
PDK1	0.000657072744864435	0.676884289060653	0.4	0.055	1
MPST	0.000658130932766545	0.644026700286264	0.4	0.054	1
MITD1	0.000730631518065295	0.788858961052211	0.6	0.116	1
PI4KAP2	0.000766477590138188	0.691366331911048	0.4	0.057	1
SVBP	0.000820043998080749	0.709689137431154	0.4	0.057	1
RNU4-2	0.000834660541804694	0.673587035550778	0.4	0.057	1
MAN2A1	0.000884696614656835	0.634408413753771	0.4	0.055	1
RFWD2	0.000911354747223302	0.800155597945578	0.4	0.059	1
NUP153	0.000952051469071096	0.585591050650904	0.4	0.055	1
GORASP2	0.00114306672640512	0.821443344411825	0.4	0.062	1
C1orf174	0.00120644849851608	0.653357407415447	0.4	0.059	1
AKAP10	0.00126509431572854	0.692069015189506	0.4	0.06	1
VAMP7	0.00135906342423874	0.894261473769552	0.4	0.065	1
PSMA7	0.00142877598346896	0.864431889387388	1	0.398	1
HAT1	0.00145524013660541	0.839873697853913	0.6	0.129	1
PPP1CA	0.00147946636085778	0.760633417499134	0.6	0.127	1
SLC2A3	0.00148776259245005	0.742246535857479	0.6	0.122	1
DRG1	0.0021809480924922	0.683880327318746	0.4	0.065	1
RNF44	0.00242719583020751	0.683141028253357	0.4	0.067	1
SACS	0.00244661147395887	0.79900174225971	0.4	0.068	1
RALGAPA2	0.00249727633675954	0.779641365761324	0.4	0.068	1
CYB5R3	0.00267625086104708	0.664808185075035	0.4	0.067	1
IMPDH2	0.00304032245830189	0.790224569084494	0.6	0.153	1
GMNN	0.0031075601415145	0.958060940393114	0.4	0.075	1
STAU1	0.00318475313193158	0.659365742995997	0.4	0.068	1
MBNL2	0.00338165924412049	0.651883250947197	0.4	0.068	1
TAF1B	0.00369196523450791	0.642284578012529	0.4	0.071	1
TCOF1	0.00390438400951621	0.703049571305457	0.4	0.075	1
PHF6	0.00395118135082539	0.651731769441366	0.4	0.071	1
DNMT1	0.00404137064476167	0.775071272317239	0.6	0.156	1
HMBOX1	0.00426759102634991	0.639921722317539	0.4	0.071	1
KMT2E-AS1	0.00466926808197896	0.621183815282063	0.4	0.073	1
C1orf27	0.00547254631761176	0.595639776357552	0.4	0.073	1
RNU4ATAC	0.00559648780438898	0.546999468577023	0.4	0.072	1
ARID2	0.00565274821754926	0.620788880660362	0.4	0.075	1
FXYD5	0.00569053844601185	0.79980958542806	0.4	0.084	1
AHCTF1	0.00589146240540154	0.595487259669642	0.4	0.074	1
TRIB1	0.00593605147090874	0.701923510358111	0.4	0.079	1
NCOA2	0.006098618303844	0.637278607777201	0.4	0.076	1
PIK3CA	0.00631467605525271	0.702591228122037	0.4	0.079	1
RELL1	0.00641471995607205	0.603719492002117	0.4	0.075	1
JKAMP	0.00689050044205921	0.54487582199731	0.4	0.075	1
AP1G2	0.00827108785196931	0.619482244795419	0.4	0.08	1
GARS	0.00846424298889989	0.763772799865937	0.4	0.085	1
EGLN1	0.00944420106375576	0.624315757088219	0.4	0.083	1
PUM1	0.00953676488772	0.726095382772425	0.4	0.087	1
SRFBP1	0.00987058456114437	0.667000924206867	0.4	0.086	1
CWC27	0.0100515170888929	0.616168861484008	0.4	0.085	1
MT-ND3	0.0101640339958632	0.7022837261598	1	0.621	1
ZBTB20	0.0103632868264063	0.702832294147478	0.4	0.088	1
MRPL54	0.0108135015731773	0.701029308901696	0.4	0.088	1
GTF2H3	0.0114350732738127	0.760890892223593	0.4	0.095	1
CDC16	0.0116460257682141	0.627206469581959	0.4	0.087	1
MS4A7	0.0126577877728632	0.744309817043958	0.6	0.187	1
PRRC2C	0.0131685982766371	0.717945250805244	1	0.434	1
PI4KA	0.013249235725569	0.614634553103912	0.4	0.091	1
NFKBIZ	0.0139154033552365	0.791418800468009	0.6	0.212	1
CAAP1	0.0145498684021799	0.734659651914656	0.4	0.092	1
MSRB3	0.0153094060457585	0.659865221054798	0.4	0.096	1
ITPR1	0.0155115752807298	0.515858926418322	0.4	0.088	1
H3F3A	0.0155116472119172	0.303780673736624	1	0.893	1
IRAK3	0.0155117855843307	0.843093252293022	0.6	0.257	1
THYN1	0.0156024301324691	0.667661693184729	0.4	0.1	1
NBN	0.0156994074768077	0.828359452410633	0.6	0.202	1
H3F3AP4	0.0159866847094371	0.524328852082762	1	0.681	1
LPCAT2	0.0163562770534918	0.575422707098381	0.4	0.091	1
ZC3H15	0.0165730002025827	0.700896008465322	0.8	0.357	1
LASP1	0.0174876334595278	0.613421934788001	0.4	0.095	1
USP25	0.0176150143674603	0.667273865729077	0.4	0.102	1
KRTCAP2	0.0176441682258031	0.581644531539928	0.4	0.092	1
CWC15	0.0176894602947606	0.667282469234383	0.8	0.29	1
USP9X	0.0177289999509551	0.651742698021701	0.4	0.099	1
UBC	0.0177557820099353	0.552156564180056	1	0.662	1
UBE2Q2	0.0177724223862474	0.64541513118323	0.4	0.097	1
RPL7	0.0181390244069557	-0.450007390893421	0.8	0.97	1
ANXA1	0.018148869067373	0.425126488096737	1	0.805	1
PRKD3	0.0183349776935289	0.507399702241246	0.4	0.089	1
DAPP1	0.0185631844525055	0.659731091879295	0.4	0.102	1
DNMT3A	0.0185631853171949	0.665330081669347	0.4	0.102	1
C17orf49	0.0186148333720679	0.666259909906007	0.4	0.103	1
HEXIM1	0.0187902337403521	0.60171828706279	0.4	0.095	1
PYGL	0.0192204305695992	0.681200939499887	0.6	0.202	1
DDX39A	0.0196118824301684	0.558462770662076	0.4	0.095	1
NIPSNAP3A	0.0205807112395186	0.639604235065074	0.4	0.103	1
MSL3	0.0208203947438193	0.561278747417565	0.4	0.095	1
CEP350	0.0210375944108476	0.706897551551389	0.6	0.221	1
KTN1	0.0211000326757639	0.652112770788928	0.8	0.332	1
RPL13AP3	0.0225822135036091	0.650035902800197	0.6	0.219	1
RPL28	0.0231818094982607	-1.10281699499721	0	0.562	1
CEP290	0.0236694306608183	0.630736729070002	0.4	0.104	1
MIA2	0.0261920000436457	0.578708005405007	0.4	0.103	1
MYO5A	0.0262761745668386	0.5795400113226	0.4	0.102	1
BDP1	0.0268160617108769	0.68903908165473	0.6	0.218	1
SCARNA9	0.0269092749818809	0.588905112116699	0.4	0.106	1
MTURN	0.0270194079266793	0.56290724991863	0.4	0.104	1
ATP5A1	0.0277230065066574	0.636097511124145	0.8	0.369	1
RNASE3	0.0278923789919125	0.545153815975251	0.4	0.102	1
COX7B	0.0283667905924124	0.635639057901835	0.8	0.386	1
LOC102723780	0.0287156554527913	0.53883595206085	0.4	0.103	1
EIF2AK2	0.0292552830725029	0.61803826385606	0.4	0.111	1
FOXN3	0.0298799266082218	0.565854527113838	0.4	0.108	1
CASP8	0.0303729134326505	0.644126255632629	0.4	0.114	1
CAT	0.0329917623664444	0.747035362147275	0.6	0.238	1
CBX1	0.0333726236067387	0.60733737465234	0.4	0.116	1
CREBZF	0.0337952772372864	0.549526381934873	0.4	0.107	1
LRRFIP1	0.0341248590209604	0.614925685912425	1	0.507	1
PTGER4	0.0354516842876156	0.641392739026566	0.6	0.253	1
HSPA14	0.0357182894723385	0.542877480265104	0.4	0.111	1
DENND1B	0.0365753055389563	0.712739216236459	0.4	0.126	1
YWHAZ	0.0369345099681378	-0.873215750380533	0.2	0.622	1
RHOB	0.0374952856931324	0.62001402353196	0.6	0.221	1
NOP53	0.0381606794934641	-1.01935439270879	0	0.502	1
CNOT8	0.0386898931267371	0.558134971596605	0.4	0.113	1
CD84	0.0387369935001158	0.572027972313897	0.6	0.205	1
SMARCAD1	0.0395122696931571	0.714327668506219	0.4	0.129	1
WDR12	0.0401896148477789	0.542581652209836	0.4	0.111	1
EEF1E1	0.0406449418441774	0.690960597805212	0.4	0.129	1
EXOC1	0.0425020164965506	0.750768833372882	0.4	0.135	1
COL4A3BP	0.0425890869453003	0.615675198675421	0.4	0.122	1
TTC3	0.0429212080810933	-1.03530649083088	0	0.487	1
NPC2	0.0429577348476058	0.669711966606719	0.4	0.126	1
CHMP4B	0.043183255461831	0.601430113589374	0.4	0.126	1
ST13	0.0432154315541896	-0.996442598015212	0	0.486	1
CYP20A1	0.0440048768328843	0.608948800498507	0.4	0.124	1
CASP4	0.0441815758016851	0.616149249631092	0.4	0.118	1
SRSF11	0.0445917388998831	0.618153991319115	0.8	0.363	1
EVI2B	0.0447033473618119	0.592223041770824	0.8	0.332	1
GLG1	0.0448082130954543	0.510537450819695	0.4	0.116	1
TTC17	0.0449342995473137	0.640813088193388	0.6	0.262	1
CMTM6	0.0449870870373175	0.582494528759153	0.6	0.23	1
FAM91A1	0.0462115353368527	0.463234375443163	0.4	0.11	1
AFTPH	0.0464664299342486	0.598210072909002	0.4	0.126	1
VPS13B	0.047568813470258	0.534397833154104	0.4	0.118	1
RBM26	0.0476962618084461	0.554984321339846	0.4	0.121	1
MGEA5	0.0477623538674126	0.619332682112905	0.4	0.13	1
PSMA4	0.0478264966037364	-0.964504065587478	0	0.473	1
ATP1B3	0.0483922582217677	0.541886207447015	0.4	0.118	1
NONO	0.0489774035010655	0.562635544859518	0.8	0.399	1
ZNF148	0.0493861306977337	0.50113497928976	0.4	0.115	1
SERINC1	0.0507354255555968	0.591691043268292	0.4	0.129	1
IARS	0.0510386437420734	0.526388534034344	0.4	0.122	1
RANBP2	0.0523618320466842	0.717108659792553	0.4	0.145	1
MYSM1	0.0530404324210373	0.708410568782484	0.4	0.14	1
TGS1	0.0538899580537101	0.489448615035281	0.4	0.118	1
PBRM1	0.0539236926655018	0.592042197574849	0.4	0.134	1
SMS	0.0557124173008339	0.571524785343805	0.4	0.134	1
PPIL4	0.0566707429877294	0.451417850744256	0.4	0.118	1
VEZF1	0.0589152401250101	0.44359644366923	0.4	0.118	1
PABPC1	0.0592940736867547	-0.327811680934702	0.8	0.962	1
NDUFS5	0.0597410236475009	-0.914079166497725	0	0.443	1
RPL21P28	0.060124134718914	-0.883118003650471	0	0.442	1
NDUFS6	0.0603436701276124	0.54259002795568	0.4	0.133	1
RAB11A	0.0607020603407358	0.636357968807526	0.4	0.142	1
RBMX	0.0612852326809217	-0.912892000464179	0	0.439	1
UQCRQ	0.0616761932090344	-0.91037006297298	0	0.439	1
RPS3	0.0619233039392658	-0.461261464451442	0.6	0.828	1
CXCL8	0.0624196954960763	0.520653841020888	0.4	0.125	1
LTV1	0.0629008465483021	0.51134775570331	0.4	0.128	1
KLF2	0.0638243835137789	0.655836698844406	0.4	0.149	1
LEPROT	0.064975822676547	0.49647026826739	0.4	0.127	1
C8orf33	0.0651529773439012	0.520907493606076	0.4	0.134	1
STARD7	0.0653218688575464	0.736592998876735	0.4	0.154	1
RPL38	0.0657490867296435	-0.258188387525989	0.8	0.836	1
HSP90AB1	0.0666390363618503	-0.635231842354099	0.4	0.737	1
TOMM7	0.0669414621716264	-0.86471320621987	0	0.427	1
DCP2	0.0675880633360723	0.500625224816474	0.4	0.125	1
CCND2	0.06948878046809	-0.895435237320009	0	0.422	1
GPATCH11	0.0702396514902501	0.547404365690111	0.4	0.14	1
NR3C1	0.0710014610806044	0.572336147751084	0.4	0.146	1
TIMP1	0.0720969855165011	0.768376894835959	0.4	0.149	1
FAM162A	0.0744870528364105	0.490046963891393	0.4	0.133	1
CHCHD3	0.0746528451153899	0.430896323050687	0.4	0.128	1
ESYT2	0.0754633515685935	0.562545504687289	0.4	0.149	1
COX5B	0.0761941073537368	-0.851980432079437	0	0.408	1
TMED2	0.0764633872773167	0.529362482882974	0.6	0.262	1
RBM23	0.0774047293685123	0.471837328405774	0.4	0.131	1
IFT20	0.0782909439537159	0.493057832051675	0.4	0.135	1
STIP1	0.0783813224085348	0.51376840125428	0.4	0.143	1
SMDT1	0.0785955541936912	0.53150064226825	0.4	0.148	1
PSPC1	0.0788243082151052	0.467519585807072	0.4	0.134	1
APEX1	0.0790153131766202	-0.84028285865524	0	0.403	1
TMPO	0.081428880862204	-0.84119250724224	0	0.399	1
EIF3L	0.081428882459237	-0.828632189369384	0	0.399	1
NAA15	0.0819749282058243	0.49137015033117	0.4	0.139	1
PLAC8	0.0839003585136746	-0.871153779601232	0	0.394	1
PTPRC	0.0842303168433834	0.520865266766231	0.8	0.532	1
RPL11	0.0851903753117129	-0.403289961278144	0.8	0.99	1
OIP5-AS1	0.0860270650756285	0.536243168952648	0.4	0.152	1
OSTF1	0.0864074229550499	0.414623773887302	0.4	0.128	1
CA5B	0.0881354421273685	0.487665221504614	0.4	0.141	1
RPLP0P2	0.0889844374970331	-0.709836790204974	0.2	0.619	1
DNAJC2	0.0891902021027452	0.481541609333699	0.4	0.14	1
EIF4B	0.0896130091985057	0.428531496286624	0.8	0.553	1
SMAP2	0.0899453715418956	0.51153544644192	0.6	0.259	1
MBNL1	0.0906044093514496	-0.80959012824284	0	0.383	1
EEA1	0.0908925677314506	0.461714008796912	0.4	0.137	1
HLA-H	0.0914664582005396	0.550991612862309	0.4	0.163	1
PNN	0.0932927140933422	-0.81831019666584	0	0.378	1
DEK	0.093292716745927	-0.807157307781299	0	0.378	1
RPLP2	0.0951818176306322	-0.477380651114965	0.6	0.911	1
ASH1L	0.0958230450574532	0.589029891354607	0.4	0.163	1
TAX1BP1	0.0974775767551281	0.506943983868446	0.6	0.269	1
CHCHD2	0.0994288823560261	-0.766731884854611	0	0.369	1
COX5A	0.0994288832834872	-0.760863504205527	0	0.369	1
TPI1	0.100577998200263	-0.774557367971029	0	0.367	1
NDUFB9	0.100577999135756	-0.757590880542873	0	0.367	1
TCEA1	0.101156468765399	-0.791793273228299	0	0.366	1
MPC1	0.102065733299763	0.411560379075961	0.4	0.137	1
PSMA1	0.102907688299043	-0.749951734120008	0	0.363	1
CD302	0.102907693057602	-0.785590551619942	0	0.363	1
ALDOA	0.102907696864449	-0.761224209215794	0	0.363	1
MIR181A1HG	0.10505654754664	0.515274435904302	0.4	0.152	1
RPS5	0.105506611666263	-0.606251642420477	0.4	0.793	1
PDCL3	0.10573748233102	0.467150363062602	0.4	0.148	1
ECHDC1	0.106450248050272	0.504585611339837	0.4	0.161	1
SPECC1	0.107325671545184	0.458514552016548	0.4	0.149	1
TNFSF13B	0.10769494213147	-0.780873304966738	0	0.356	1
PA2G4	0.107694944101031	-0.759255101518955	0	0.356	1
EIF1AX	0.107888852341077	0.562547172720283	0.6	0.391	1
AIF1	0.108116810261116	-0.71380105332316	0.2	0.576	1
PRKDC	0.108305505392754	-0.757304347823829	0	0.355	1
SPCS3	0.108305518249416	-0.75895149993677	0	0.355	1
UBB	0.109524689614299	0.414604841652613	1	0.678	1
TPRKB	0.109607199888251	0.587297336012385	0.4	0.176	1
GRK2	0.110428854448443	0.472859544629139	0.4	0.153	1
MED13L	0.110895142746804	0.509568608829629	0.4	0.156	1
PWP1	0.111147047352702	0.462761232912714	0.4	0.151	1
SLIRP	0.112026633551859	-0.731343028571667	0	0.35	1
GTF3A	0.113927006845357	-0.546571483009551	0.4	0.642	1
HP1BP3	0.114563035692175	-0.748448697510442	0	0.347	1
LAPTM5	0.115848162268614	-0.738483062716375	0	0.345	1
C20orf24	0.115966485211523	0.430028306183395	0.4	0.147	1
SELENOS	0.116349817238488	0.515960264689716	0.4	0.175	1
ANP32E	0.116913825345725	0.502010395431804	0.6	0.325	1
PSMC1	0.117032673526072	0.461729966160226	0.6	0.267	1
USO1	0.117111885985133	0.5152934422806	0.4	0.17	1
SORL1	0.117591303511591	0.498047521380643	0.4	0.165	1
EIF4A2	0.118452628442507	-0.743512342011784	0	0.341	1
EIF4G2	0.119698198654265	0.447991972178395	0.8	0.507	1
FABP5	0.120436236331504	-0.752247389365141	0	0.339	1
PSMB1	0.121325835416783	0.519535678537798	0.6	0.316	1
SLC38A2	0.121542486303609	0.523352774088704	0.6	0.284	1
SEPT11	0.121551371033938	0.477587709156275	0.6	0.297	1
RAD21	0.125854748764955	-0.709438975362923	0	0.332	1
EIF2S2	0.127239110116594	-0.713312388058343	0	0.33	1
SEC11A	0.127935808065852	-0.700293966694897	0	0.329	1
KLF6	0.128299517086558	0.365766020341496	0.8	0.675	1
DNAJA1	0.129353141039179	0.429899101694803	0.6	0.451	1
CDC5L	0.129540198661509	0.551846584563339	0.4	0.179	1
COX4I1	0.130730789265961	0.425230965553584	1	0.631	1
LARS	0.131464855335867	-0.696439980863451	0	0.324	1
GSPT1	0.13313167802051	0.497057889529599	0.4	0.181	1
EIF5B	0.135801347627656	-0.694404910500268	0	0.319	1
LLPH	0.136139095944655	0.419203737165495	0.4	0.158	1
ROMO1	0.136535024166512	-0.67739825622742	0	0.318	1
KCNJ3	0.137271844282411	-0.66004834121758	0	0.317	1
UBXN4	0.137271851379234	-0.686216824584764	0	0.317	1
HIF1A	0.137279883576524	0.436095517145425	0.6	0.279	1
RBBP6	0.137346596674128	0.48236354909115	0.4	0.172	1
ITPR2	0.137483094175299	0.444229060351734	0.4	0.163	1
ZNF24	0.137774736866519	0.412260294009264	0.4	0.15	1
KIAA0825	0.138754997717152	-0.654074885909136	0	0.316	1
SEC62	0.139501335078972	-0.676426532857714	0	0.315	1
CLINT1	0.13950134346062	-0.682685443212745	0	0.315	1
XRCC6	0.140250876391181	-0.659516712251034	0	0.314	1
RBM17	0.140790897457117	0.598527093011302	0.4	0.178	1
ADAR	0.140883793961269	0.445836019168196	0.4	0.163	1
VIM	0.140901754650691	0.359522727912025	1	0.826	1
VPS29	0.141003624376319	-0.664132395543133	0	0.313	1
SRSF7	0.141759576822983	-0.65776671551985	0	0.312	1
HSPA4	0.142584243761391	0.416858632618644	0.4	0.162	1
CHD2	0.143242263117598	0.493435218432913	0.4	0.167	1
IL6R	0.143324531922483	0.377155904933281	0.4	0.147	1
S100A11	0.146118193328202	0.442085483763479	0.4	0.164	1
ATP5G2	0.1463635147119	-0.66070410174632	0	0.307	1
CGGBP1	0.146694838339779	0.436967909673767	0.4	0.163	1
PPP1R15A	0.147142311895086	-0.663363270143958	0	0.306	1
UQCRBP1	0.147924393914441	-0.630644071702262	0	0.305	1
STAG2	0.147924400174927	-0.655755911798932	0	0.305	1
RPL19P12	0.148261895007989	0.325696136178359	0.8	0.636	1
LINC01835	0.148709827409187	-0.710586828921174	0	0.304	1
STK4	0.148809827128183	0.626219188968824	0.4	0.21	1
SMU1	0.149200354544175	0.481951988470466	0.4	0.179	1
EMP3	0.150064978422726	0.468484462086628	0.4	0.173	1
NPR3	0.150260939880743	0.425824964093496	0.4	0.162	1
NAP1L4	0.151884918191403	-0.660721440736062	0	0.301	1
NEMF	0.15189479892394	0.499762774812169	0.4	0.187	1
FXR1	0.152687109859898	-0.641095216775484	0	0.3	1
HHEX	0.153485886326025	0.396908557027812	0.4	0.156	1
CST3	0.153918203675909	0.452827567535594	0.8	0.462	1
SEPT2	0.154301660300365	-0.642718144205216	0	0.298	1
METTL9	0.155114049543081	-0.640073902525544	0	0.297	1
CLEC11A	0.156749136386144	-0.621755983574327	0	0.295	1
TUBB	0.15682430991043	0.444619668568406	0.6	0.292	1
SYF2	0.158398010744406	-0.647283172466614	0	0.294	1
CLEC2B	0.158398012063884	-0.647456373284919	0	0.294	1
CALU	0.159499041940729	0.365830248573122	0.4	0.156	1
ATP5J	0.159951418700788	-0.604175166812977	0.2	0.471	1
CD46	0.160060784517672	-0.634260848399248	0	0.292	1
THRAP3	0.160060796488727	-0.627331746331028	0	0.292	1
BCLAF1	0.160737768136507	0.419657048299781	0.6	0.382	1
TPM4	0.160785676921279	0.505475617243379	1	0.555	1
ATRX	0.160897424737565	-0.650961728684538	0	0.291	1
FAM49B	0.161737568420284	-0.641439543218612	0	0.29	1
BOD1L1	0.162185764604909	0.427325816292511	0.4	0.172	1
CHD4	0.162581236204669	-0.628971258511508	0	0.289	1
PGK1	0.162581244281975	-0.618411425999826	0	0.289	1
RPSA	0.16271046193068	0.281457555618469	1	0.845	1
EIF3M	0.163428451631997	-0.628907157298692	0	0.288	1
CCT5	0.163428454335242	-0.633857955197068	0	0.288	1
GABARAP	0.163428454335242	-0.621526404003522	0	0.288	1
STK26	0.163977798788424	0.447931936731755	0.4	0.187	1
KAT6A	0.164004057293682	0.363949759780498	0.4	0.155	1
JAK2	0.164669308247712	0.357758053474043	0.4	0.156	1
PFDN2	0.164864181212962	0.485813534219766	0.4	0.195	1
KIF5B	0.165133536331468	-0.625269508523686	0	0.286	1
PABPC4	0.166852924474626	-0.609271823541559	0	0.285	1
MXD1	0.167023157980346	0.45462364803913	0.4	0.183	1
HIGD2A	0.167434868114958	0.483690858960776	0.4	0.177	1
TBCA	0.167718024764122	-0.599327731938704	0	0.284	1
HNRNPH3	0.167718028900935	-0.611923241182885	0	0.284	1
VAPA	0.168586732996499	-0.608934340592814	0	0.283	1
PDAP1	0.168586741303257	-0.60321498009452	0	0.283	1
HADHA	0.169414780422938	0.444607457298524	0.6	0.435	1
SLC25A3	0.169459081793075	-0.605034368273182	0	0.282	1
DDX17	0.171194642469417	0.460432439124032	0.6	0.448	1
GAS5	0.172456410813469	-0.474458349296849	0.4	0.633	1
NDUFA13	0.172946144330508	-0.571970103270104	0.2	0.46	1
SNRNP70	0.173252395964532	0.500761034037396	0.4	0.181	1
SLTM	0.17384221164349	0.422525983534433	0.6	0.358	1
VDAC3	0.173875688745434	-0.596196492239026	0	0.278	1
LST1	0.173875694417492	-0.612382601896097	0	0.278	1
LSM3	0.176570076596815	-0.588941391023921	0	0.275	1
SERBP1	0.177927086316812	-0.473865322917263	0.4	0.622	1
RUNX1	0.178012925534101	0.423252555741526	0.6	0.412	1
TAF1D	0.178385076936156	-0.603456975091699	0	0.273	1
FAM110A	0.179314769931527	0.396410942625575	0.4	0.175	1
SPCS1	0.179490540092413	0.4228000142574	0.4	0.179	1
CHD1	0.179665563623613	0.545321638814524	0.4	0.225	1
HIST1H1C	0.180486260956983	0.49064056710363	0.6	0.34	1
TMX1	0.181135974166292	-0.582436174442381	0	0.271	1
EIF4E	0.182107893023631	0.352299416313734	0.4	0.161	1
NSD3	0.182595085193082	0.500018079507375	0.4	0.212	1
SCCPDH	0.183731037875967	0.407959202514954	0.4	0.181	1
NDUFC2	0.183921263182854	-0.585585180989769	0	0.268	1
HNRNPR	0.184161677656988	0.409028870877079	0.6	0.324	1
FRG1	0.18470605241995	0.39100964954954	0.4	0.175	1
PTP4A2	0.185797452688241	-0.572888657239008	0	0.266	1
ILF3	0.186741372450629	-0.565148081007597	0	0.265	1
XRCC5	0.186891338166976	-0.566046110753687	0.2	0.445	1
MRPL13	0.187689220972192	-0.579557483940141	0	0.264	1
EIF4G1	0.188640984840981	-0.56267925456618	0	0.263	1
VCAN	0.189596703392981	-0.744037540606289	0	0.263	1
VASP	0.189857294656716	0.418594463824709	0.4	0.191	1
RPN2	0.190003373896585	0.386536068386823	0.4	0.182	1
ATP6V0B	0.190556360090384	-0.561822546848511	0	0.262	1
WDR43	0.190556369229978	-0.578058059839311	0	0.262	1
IER2	0.191520008339509	-0.576483105592394	0	0.261	1
ITGB2	0.191520008339509	-0.596515996994403	0	0.261	1
SET	0.191602374155693	-0.549529478719171	0.2	0.517	1
FGFR1OP2	0.19248764237667	-0.57377146741516	0	0.26	1
MIF-AS1	0.192674090211531	0.391662442875694	0.6	0.381	1
MT-ND6	0.192772081820829	-0.588203308984001	0.2	0.555	1
COX8A	0.194434931801669	-0.558008092049522	0	0.258	1
NDUFB4	0.195414626458876	-0.556216853760865	0	0.257	1
SAMSN1	0.19639836215727	-0.581593139153531	0	0.256	1
MRPL57	0.196398374637136	-0.56885921515319	0	0.256	1
RPS27L	0.196656285262478	0.401316914342918	0.6	0.324	1
CCT4	0.197386164220324	-0.560550582979483	0	0.256	1
PRDX1	0.197386173617446	-0.549085311238567	0	0.256	1
LINC00987	0.197386175183633	-0.537496209017339	0	0.256	1
AP1S2	0.197386178316006	-0.563589139307974	0	0.256	1
SOD1	0.198016618521278	-0.546126705392996	0.2	0.508	1
PSMA2	0.19937407320127	-0.551764005639186	0	0.254	1
HLA-DRB1	0.20037417505173	-0.575484975095563	0	0.253	1
EIF2A	0.200374184561404	-0.546054897067445	0	0.253	1
NIPBL	0.200374189316241	-0.560520761311881	0	0.253	1
HNRNPD	0.202386814382488	-0.545249098053911	0	0.251	1
MTIF3	0.202386827163099	-0.550714616198197	0	0.251	1
NOP56	0.203399382199041	-0.549677925458506	0	0.25	1
SMC1A	0.204963240126374	0.435633726872025	0.4	0.216	1
PCM1	0.206847400048273	-0.537354002199144	0.2	0.441	1
LIMS1	0.207016816132499	0.424129910057177	0.4	0.199	1
SNRPD2	0.20716108571647	-0.531870013911454	0.2	0.505	1
ZNHIT1	0.208275944306646	0.378715577019378	0.4	0.181	1
GNPTAB	0.210122631451042	0.465664933848558	0.4	0.198	1
UQCRH	0.211072818760342	-0.516633274488164	0.2	0.432	1
PDE4B	0.211171672376447	0.537671931785282	0.4	0.238	1
MYL12A	0.211247721091601	-0.438161584704296	0.4	0.604	1
LDHB	0.212176861664934	-0.57821068258671	0.2	0.583	1
ATP5F1	0.212653162390477	0.393947512572894	0.6	0.332	1
SRP19	0.213754696818614	0.384660555530838	0.4	0.188	1
ACTR2	0.214206038963816	0.323773608706559	0.6	0.507	1
TCF25	0.214834586873964	0.335014578005001	0.4	0.172	1
UQCRFS1	0.215993165707236	0.3756046336256	0.4	0.186	1
HDLBP	0.218205384208861	0.42938648532642	0.4	0.2	1
WSB1	0.220136313989124	0.434399570129102	0.4	0.196	1
TAGLN2	0.220529061401679	-0.515353048777504	0.2	0.428	1
NDUFA4	0.22147040700473	-0.403247090886757	0.4	0.604	1
ASPH	0.223241575064438	0.391543265088538	0.4	0.198	1
YWHAB	0.223848120237344	-0.513947511588561	0.2	0.491	1
ATP5O	0.225464542904554	-0.502633204757394	0.2	0.427	1
SDCBP	0.225976902917567	0.38396775733301	0.4	0.195	1
RPS4X	0.226362301749429	-0.291698564227376	0.8	0.952	1
RTN4	0.227493686219176	0.384998317456407	0.4	0.195	1
VPS36	0.227494581730117	0.471169812260128	0.4	0.24	1
MATR3	0.228814588082295	0.299926631009276	0.6	0.56	1
RAB11FIP1	0.229582336264715	0.475617344941608	0.4	0.197	1
GMFG	0.229644465735284	-0.524779699252454	0.2	0.519	1
TUG1	0.231477261178402	0.359914884915429	0.4	0.187	1
PHF3	0.232285243211718	0.472943832438276	0.4	0.241	1
RPL29	0.234747508774185	-0.316647388545406	0.6	0.745	1
MORC3	0.234930609381054	0.368940261548395	0.4	0.191	1
NCL	0.235998468374866	-0.310446262702089	0.6	0.737	1
DYNC1LI1	0.236299311790122	0.367843948834054	0.4	0.194	1
YWHAQ	0.236501113900104	0.367359064728127	0.4	0.191	1
FLJ44635	0.237172009183271	-0.49655016487504	0.2	0.508	1
CRBN	0.237205012111473	0.408461286604007	0.4	0.224	1
FBXL5	0.242536980889282	0.499910419965078	0.4	0.233	1
TOMM20	0.242910803776892	0.399101709195852	0.6	0.354	1
FUS	0.24296018595143	0.474877250571951	0.4	0.208	1
ADK	0.243611221375502	0.307237564278545	0.4	0.178	1
UBBP4	0.244053398495238	0.36043779116905	0.4	0.2	1
MIF	0.244286763261555	0.39597590294481	1	0.613	1
SCP2	0.244298769445344	0.361812994836643	0.4	0.195	1
RPL23	0.244415141365311	-0.281290353436198	0.8	0.95	1
ARFGEF1	0.244739552092926	0.306110706410343	0.4	0.177	1
SKP1	0.247496649057861	-0.486004489189846	0.2	0.414	1
ATP6V0E1	0.248861228768779	0.370629087373164	0.4	0.203	1
HNRNPA0	0.250150549807888	0.343598124746525	0.4	0.191	1
C12orf57	0.252509505732567	0.392673977092917	0.4	0.222	1
CAPZA1	0.252713188835605	0.344879320329415	0.6	0.408	1
CAPZB	0.25400714825548	0.462106759623064	0.4	0.238	1
HNRNPU	0.255417269967944	-0.486571605175122	0.2	0.595	1
ETS2	0.25727174389399	0.30239699070543	0.4	0.179	1
DNAJC10	0.258115018283931	0.332316271064837	0.4	0.195	1
EMB	0.260011652973504	-0.490721309738029	0.2	0.472	1
RBPJ	0.263229496703721	0.429672740294989	0.4	0.235	1
RARS	0.263965020921291	0.351911408584053	0.4	0.2	1
ATF4	0.263972710559157	-0.461679125176731	0.2	0.405	1
SMARCA2	0.264014159282953	0.367734394814015	0.4	0.217	1
DNAJC13	0.265751425045518	0.363232194050662	0.4	0.209	1
CSTA	0.269871356615088	-0.485199575620363	0.2	0.44	1
MAVS	0.271353225468438	0.366560720526542	0.4	0.241	1
STT3B	0.2720738957954	0.292301782016982	0.4	0.191	1
CD69	0.274073268014938	0.446102964518593	0.4	0.237	1
RNASET2	0.274194055888767	-0.45581203041727	0.2	0.425	1
LINC02067	0.276493688573186	0.332140047215008	0.6	0.386	1
PKM	0.277801919852421	0.370485614192878	0.4	0.225	1
DYNC1I2	0.279448822451525	0.385103784714164	0.4	0.251	1
SARAF	0.279483943003431	0.346092772646449	0.6	0.354	1
PPIP5K2	0.280299246001607	0.416207115932829	0.4	0.245	1
TRA2B	0.280494921092496	0.335526553746227	0.6	0.367	1
DYNLL1	0.28134156263889	0.460826320959484	0.4	0.276	1
CEBPD	0.284784022327961	0.502763735093416	0.4	0.273	1
HLA-B	0.285304163836764	0.270424714326063	0.6	0.592	1
SPART	0.2877076737382	0.368734500716357	0.4	0.236	1
OST4	0.289672958035874	-0.429829029475727	0.2	0.396	1
HSPD1	0.291406052810341	-0.357682228460402	0.4	0.558	1
LUC7L3	0.294824538874192	-0.459852400678373	0.2	0.48	1
CEBPZ	0.29525294002865	0.367604992000397	0.4	0.244	1
RBM3	0.296780651333176	0.323409688768055	0.6	0.416	1
GOLGB1	0.29921201008205	0.394992245937292	0.4	0.252	1
SLC25A6	0.300536299664487	0.291596305264354	0.6	0.463	1
DBI	0.300608884367583	0.341047581303429	1	0.673	1
KHDRBS1	0.300674088236164	0.329375053748349	0.4	0.215	1
PTGES3	0.300909907378727	0.430659858648104	0.4	0.293	1
TMBIM4	0.301948969784333	0.35739386706645	0.4	0.233	1
RPSAP9	0.304269519439822	0.362814127982017	0.4	0.275	1
CRIP1	0.30565083472188	0.336794575992996	0.8	0.506	1
GHITM	0.305760530931449	0.398466756699115	0.4	0.269	1
RNASE2	0.307090892596236	0.350896676828162	0.6	0.397	1
TXNIP	0.315362838702775	-0.447969699064956	0.2	0.438	1
HDGF	0.316920715292524	0.306030221416746	0.4	0.215	1
HGF	0.31716323147055	0.406216728824155	0.4	0.262	1
SMC5	0.317306417929345	0.269755485892737	0.4	0.196	1
MYL6	0.318013841134888	-0.347265247283497	0.4	0.742	1
EEF1D	0.318228550559292	-0.418756987291995	0.2	0.451	1
PNRC2	0.320684494100093	0.38963723831788	0.4	0.237	1
ELOB	0.322862746814844	0.312049879402869	0.6	0.386	1
TMEM123	0.322926714787751	-0.419408935062924	0.2	0.441	1
ATXN8OS	0.324154149920892	-0.397744112728853	0.2	0.381	1
SOX4	0.324482080556449	0.323764398287952	0.6	0.454	1
CD47	0.327685292234754	0.306146333497757	0.6	0.393	1
SF3B6	0.328445759502183	0.378542046027019	0.4	0.281	1
NACA2	0.32997597672069	-0.399850213389268	0.2	0.451	1
OCIAD1	0.331141693367326	0.308003267393273	0.4	0.22	1
ZFR	0.333582885901704	0.312131435904416	0.4	0.224	1
CD44	0.333839611000756	0.350108029783854	0.6	0.423	1
SEPT7	0.337220168301346	-0.392472423722438	0.2	0.392	1
CSNK1A1	0.338292278345773	0.33720878023645	0.4	0.257	1
UBE2V2	0.338894298331367	0.332421616779873	0.4	0.256	1
TMEM14C	0.340545636439317	0.29393805920523	0.4	0.218	1
DHX9	0.345280433112533	0.31293296274228	0.4	0.233	1
PMAIP1	0.346301749622563	0.446517125824176	0.4	0.287	1
NDUFA1	0.346379535956055	-0.380300209576586	0.2	0.391	1
PDCD10	0.348299924849753	0.353935782350487	0.4	0.252	1
RNA5-8S	0.353284959977345	-0.400175786138758	0.2	0.407	1
FKBP3	0.354372016989502	0.323542593787168	0.4	0.262	1
MYADM	0.35673615020722	0.300245088241877	0.4	0.225	1
PHF20L1	0.361238952244705	0.357519708665261	0.4	0.24	1
TUBA1A	0.36173012615394	0.318861991108321	0.4	0.255	1
DDX46	0.363460978134058	0.298089876759333	0.4	0.228	1
RPL13AP20	0.368904957370034	-0.34758909111607	0.4	0.632	1
CAP1	0.372172211978438	-0.310893954905817	0.4	0.545	1
CANX	0.373068143848765	0.251427915543903	0.6	0.538	1
NMI	0.374767890877877	-0.362076654884036	0.2	0.378	1
RAB2A	0.375708815897604	-0.37835321490075	0.2	0.361	1
SLC25A37	0.376654987152167	0.294780073367114	0.4	0.246	1
PLIN2	0.377768551957381	0.274840444322379	0.4	0.225	1
AKAP9	0.378535251499527	-0.393638288534795	0.2	0.353	1
ZNF302	0.379765420409577	0.281676248446529	0.4	0.235	1
SNX6	0.383754945753347	0.275935497446692	0.4	0.23	1
C1QBP	0.384947836993489	-0.361615332026199	0.2	0.408	1
CCT2	0.386380727762891	0.287441750555965	0.4	0.239	1
PRPF4B	0.387338748599971	0.334704852699565	0.4	0.304	1
MGST1	0.388003929619828	0.27230385189783	0.6	0.411	1
GLIPR1	0.394753350037	0.345793006748713	0.4	0.293	1
ITM2B	0.397520251691742	-0.29511530124153	0.4	0.484	1
SSR4	0.398675380064922	-0.344033261636807	0.2	0.366	1
SUMO2	0.400705480745463	0.266529537209666	0.6	0.438	1
SEC61B	0.40272455186139	0.269538159072799	0.4	0.24	1
COPB1	0.405282136093503	0.320731970142972	0.4	0.264	1
MFSD1	0.406868623813842	0.316291989299907	0.4	0.326	1
ATP6V1G1	0.408573239201378	-0.337443955550421	0.2	0.41	1
SP100	0.411933509550098	0.32204450882164	0.4	0.32	1
LOC101928034	0.415756946762274	0.279269761909623	0.4	0.245	1
DARS	0.417620598517283	0.277433388178152	0.4	0.254	1
RGS2	0.418278586627733	0.379203195688803	0.4	0.279	1
SARNP	0.420297841726499	-0.345667718423595	0.2	0.334	1
SMG1	0.42240163515607	0.326622023197453	0.4	0.34	1
UBL5	0.424173843989877	0.263329173402102	0.6	0.442	1
PRMT2	0.426126122404433	-0.332688428187637	0.2	0.332	1
CYBB	0.42707757183	0.278787745005886	0.4	0.243	1
EIF3A	0.427144934985768	-0.347972094707052	0.2	0.429	1
IRF2BP2	0.427847787611886	-0.34121671292414	0.2	0.334	1
CSF3R	0.428787795771132	0.320933648968069	0.4	0.279	1
TUBA1B	0.429945641842671	0.302856453423591	0.4	0.321	1
SAP18	0.430440004572291	0.284957627380404	0.4	0.297	1
HSPA8	0.4305510241916	-0.270016729623391	0.4	0.513	1
SSBP1	0.432988692477409	-0.323237139021872	0.2	0.335	1
LDHA	0.433362450334858	-0.324936482979837	0.2	0.332	1
NUCKS1	0.444003689839727	-0.31554605830591	0.2	0.343	1
ANKRD42	0.445643810544433	0.273936789271343	0.4	0.302	1
SAT1	0.446193662905591	0.319070219523601	0.6	0.476	1
SUPT16H	0.446772459853357	0.320073756951099	0.4	0.343	1
CD55	0.447041960358416	0.268160198616208	0.4	0.283	1
TPR	0.449005887097296	0.355226699437372	0.4	0.286	1
TOP2B	0.4518291790003	-0.316971815034234	0.2	0.323	1
ATP5L	0.455760822856562	0.258510487269545	0.6	0.459	1
LCP1	0.458502455095278	-0.27781321382054	0.4	0.576	1
HSPE1	0.460630975283877	0.26355618397265	0.4	0.327	1
RNF130	0.461722906390561	0.29869907438124	0.4	0.309	1
SH3GLB1	0.462037142116823	0.253954951075801	0.4	0.267	1
SMARCA5	0.464405110331535	-0.318850475165928	0.2	0.322	1
HMGN1	0.466589285249337	-0.34671844954222	0.4	0.692	1
UBE2D3	0.466609049194235	-0.307477383549352	0.2	0.339	1
FTL	0.4788275247516	-0.32139898816137	0.6	0.887	1
CALCOCO2	0.493537436783664	-0.252227375468109	0.4	0.458	1
H2AFZ	0.494747692606786	-0.298327473184647	0.2	0.386	1
CCT6A	0.498060991540459	-0.279530110558103	0.2	0.372	1
SNRPE	0.498696774985556	-0.281511293778058	0.2	0.386	1
SH3BGRL3	0.500341226297634	-0.282282218869508	0.2	0.34	1
SRP9	0.507464817771405	-0.283081440245039	0.2	0.307	1
SNRPG	0.509467927691651	-0.278327874641191	0.2	0.304	1
ARL6IP5	0.519378586207253	0.332771799151171	0.4	0.403	1
NAA38	0.522000841226846	-0.256221557119918	0.2	0.355	1
ANXA2	0.529419589206647	-0.255303389149908	0.2	0.402	1
AHR	0.530786645179878	-0.295249559918783	0.2	0.294	1
DDX3X	0.531368372686601	-0.254546026675581	0.2	0.365	1
GNAS	0.533346549851287	-0.256475892230897	0.2	0.317	1
HNRNPK	0.549954549601365	-0.286929397700672	0.4	0.644	1
RBM25	0.555762663641211	-0.255358727480292	0.2	0.307	1
USP15	0.558769769104822	0.25735736501631	0.4	0.355	1
BIN2	0.596959933354945	0.251365150488832	0.4	0.358	1
MYB	0.597921135582318	0.250698348716053	0.4	0.309	1
RPL10	0.651113730262684	-0.365443383188983	0.6	0.954	1
